61
1 8
5 8 0 4 2 4
4 3 7 3 9
6 1 2 4 8 8 9
4 3 3 9 9
1 9
9 4 1 2 5 9 2 5 3 3
8 0 6 6 5 0 4 4 4
3 1 9 1
8 3 6 6 5 2 1 6 9
2 1 7
8 9 1 8 8 7 6 7 2
5 6 4 5 2 1
1 1
1 6
7 0 4 3 7 6 3 4
1 3
4 5 2 1 5
1 7
5 3 3 4 1 9
9 4 2 9 9 8 5 9 5 3
5 1 0 0 6 1
5 4 6 8 2 1
9 5 2 5 2 8 6 2 1 1
5 0 5 5 0 2
8 8 3 1 8 8 4 0 0
3 4 1 2
9 5 9 2 2 1 1 5 7 5
8 8 6 7 4 1 0 6 4
1 0
7 7 8 1 0 2 7 1
3 9 6 7
1 4
5 8 8 3 0 7
2 5 2
5 8 3 7 6 2
8 4 9 5 3 5 9 4 6
4 9 1 7 3
1 8
6 3 6 7 1 7 6
5 4 2 2 1 9
2 5 9
7 4 2 8 5 5 1 1
7 9 6 9 9 7 1 5
1 1
8 4 6 3 8 9 3 2 1
3 1 2 1
5 7 5 3 7 0
2 5 6
2 2 0
2 7 3
8 7 3 2 0 1 6 0 8
1 7
8 1 7 0 1 3 4 5 2
4 5 8 6 5
8 2 5 2 3 4 8 5 5
2 5 8
3 2 1 1
7 9 1 0 0 7 9 4
6 5 2 0 6 3 5
2 4 1
