387
3 22 39 19
10 32 16 16 19 15 33 17 3 35 20
35 5 9 28 32 3 24 23 25 21 11 18 27 30 22 22 17 34 37 19 35 30 39 12 19 20 15 6 28 16 35 30 22 27 21 2
5 11 9 14 4 25
20 20 12 28 27 35 0 39 17 24 2 39 12 37 6 33 9 30 16 39 18
16 33 17 22 4 30 32 19 22 38 14 7 34 37 31 5 17
39 31 35 1 39 31 0 19 0 20 0 22 9 34 35 5 31 28 38 13 39 30 5 2 28 5 21 10 29 14 37 16 4 36 9 29 31 16 15 6
8 9 8 6 22 6 11 4 17
27 25 19 32 13 32 12 26 19 22 29 11 1 28 2 18 1 37 3 37 20 22 28 26 20 16 1 39
24 0 36 26 37 20 38 32 26 36 14 3 24 28 4 25 7 37 35 39 3 7 23 7 14
38 20 38 33 4 24 10 0 5 7 38 19 17 27 17 7 13 37 11 1 39 2 33 38 34 18 14 16 2 25 18 13 2 7 11 18 32 8 2
31 34 32 26 38 0 31 27 35 35 21 1 6 16 2 20 20 3 7 14 3 37 8 25 14 23 28 19 37 1 38 7
6 13 28 39 28 1 28
32 37 18 31 3 18 15 22 35 15 17 29 7 20 32 16 13 28 18 7 23 37 28 3 30 4 9 14 26 32 13 27 33
39 21 5 38 9 25 31 37 0 15 25 26 11 9 24 19 32 6 36 27 10 30 2 34 17 5 9 30 33 33 19 30 6 1 2 26 9 4 4 38
8 4 17 3 39 8 27 14 15
1 24
25 9 29 3 18 19 0 18 22 33 26 26 18 4 27 13 24 21 21 11 21 14 25 20 17 16
20 37 35 32 12 11 10 22 20 3 6 37 14 11 15 36 25 9 31 23 10
36 14 9 3 36 12 10 31 15 34 16 33 26 30 29 30 16 16 18 30 16 21 34 28 19 35 35 1 22 30 13 27 12 33 6 24 39
2 3 4
11 39 11 15 33 27 31 20 37 26 1 25
16 9 10 38 31 33 25 34 5 24 1 39 35 14 3 31 11
31 3 16 5 24 19 2 8 0 13 23 37 10 12 9 34 33 14 19 7 18 14 17 30 12 28 36 7 28 3 14 20
28 12 15 25 39 13 12 38 26 1 36 11 3 33 32 24 0 25 9 14 0 35 4 14 23 36 17 5 24
31 16 35 24 1 31 23 32 7 22 16 9 31 7 7 25 8 8 4 15 11 21 22 6 20 9 22 16 8 37 2 30
27 2 18 9 16 3 8 0 5 23 35 4 5 33 18 6 14 32 24 7 11 12 32 1 21 4 25 21
20 5 25 37 39 36 19 35 21 15 25 7 20 30 12 18 10 20 34 9 7
7 20 14 12 28 11 20 8
3 17 5 31
22 13 13 3 21 15 3 36 13 23 30 10 29 37 17 36 38 7 10 15 31 32 33
22 8 10 11 19 6 15 19 0 32 22 28 39 14 17 1 30 5 22 33 31 12 35
36 29 5 27 34 25 20 1 35 38 39 8 13 37 1 4 31 36 12 36 28 2 39 28 7 39 0 2 27 3 33 4 9 20 18 27 8
24 19 29 19 38 14 2 38 20 11 23 36 38 33 28 6 37 36 11 4 3 37 1 22 8
38 4 22 8 35 13 23 32 11 28 7 10 34 10 5 32 6 2 0 6 7 31 11 10 8 0 17 7 32 5 5 17 33 38 26 3 38 32 26
26 18 21 25 22 5 27 9 7 8 25 25 32 35 31 32 17 35 38 11 9 22 13 29 19 31 36
23 31 5 36 26 23 36 39 1 0 33 25 4 28 28 31 29 26 8 22 3 30 27 11
39 9 26 17 34 31 18 32 5 13 30 37 24 17 35 37 21 0 3 2 1 37 18 7 14 32 37 17 1 10 39 19 19 19 23 17 15 19 26 34
11 22 18 4 14 38 8 33 23 24 7 5
37 20 29 5 35 26 8 36 6 24 4 21 13 4 24 11 20 3 11 17 36 32 2 32 5 13 30 21 26 24 24 0 38 22 38 10 10 7
16 16 14 4 5 28 36 5 23 14 32 39 30 13 6 30 4
17 29 14 33 5 14 16 1 38 34 1 24 8 17 21 11 32 23
6 12 7 27 23 36 11
30 38 34 36 31 8 4 39 29 8 21 29 6 11 17 30 28 38 6 14 22 22 24 23 9 10 1 28 30 20 34
18 32 32 7 9 29 39 26 22 2 30 14 19 20 28 7 24 28 19
2 35 22
10 10 5 16 21 32 38 21 5 31 7
8 15 20 16 2 14 1 36 3
30 5 15 31 30 10 7 28 10 13 22 4 18 3 6 6 14 25 17 39 20 25 17 10 17 22 16 36 1 10 27
2 14 5
21 23 24 20 37 32 18 36 9 35 33 30 35 2 6 31 16 5 12 23 30 28
13 18 34 22 23 3 24 4 36 28 0 27 6 8
7 20 39 9 5 24 13 39
22 21 34 38 8 25 11 35 8 21 32 33 25 15 27 29 7 13 10 36 27 18 7
35 11 15 33 22 8 6 14 24 11 18 25 9 13 31 29 25 14 19 36 39 17 20 22 25 26 34 36 26 17 1 7 33 28 30 15
10 2 32 13 12 25 6 11 21 34 7
38 23 21 39 26 12 28 12 9 4 23 5 18 35 14 26 10 26 15 2 38 10 32 38 34 13 1 33 15 20 25 39 32 4 16 31 7 39 32
22 17 35 25 21 22 34 39 18 22 17 22 0 13 1 31 1 19 29 14 6 0 3
34 35 13 27 2 4 6 21 0 33 18 14 21 9 24 35 29 38 20 12 12 37 37 32 12 0 18 18 25 26 22 16 25 24 7
4 20 21 4 17
4 26 8 37 5
2 36 4
12 30 37 31 39 24 38 28 32 7 26 33 28
14 19 26 30 19 19 13 8 26 0 32 6 18 6 19
2 21 1
27 35 34 30 29 15 21 17 30 10 21 35 26 6 17 36 25 4 19 3 13 11 5 13 21 27 0 30
1 39
9 34 10 17 35 38 17 39 14 38
25 36 36 11 0 18 9 21 35 1 37 21 13 18 5 0 27 31 25 37 3 12 0 16 27 29
34 9 13 36 8 33 15 38 24 20 37 2 26 11 18 1 4 10 22 18 33 1 3 8 39 0 1 13 28 32 14 39 29 34 28
8 13 10 10 11 37 4 9 17
5 9 14 0 18 21
27 32 14 22 1 36 35 9 11 23 32 3 4 7 2 21 3 22 11 21 8 32 11 12 39 10 22 1
9 26 20 34 24 15 13 11 21 33
38 3 13 30 21 28 29 38 7 30 4 12 13 38 23 28 0 32 1 16 16 20 27 36 32 35 20 35 5 28 14 33 18 34 13 25 35 25 25
26 18 21 34 31 38 37 5 28 23 16 14 36 20 15 31 5 12 18 39 32 24 11 29 30 32 38
1 1
15 27 28 24 14 22 5 37 8 18 22 37 5 7 16 25
5 6 5 5 1 33
25 28 15 19 10 12 6 21 6 13 26 34 1 37 22 38 11 2 35 15 33 7 19 19 33 16
14 39 31 33 14 12 16 21 23 15 13 9 14 22 13
7 22 17 12 33 39 14 19
10 28 31 29 17 17 28 25 7 8 1
28 30 25 8 38 21 38 30 10 29 17 29 34 36 33 4 37 35 23 23 34 33 27 27 23 1 23 18 13
5 35 16 38 14 13
34 36 37 15 31 37 8 33 24 26 1 19 21 5 29 13 39 37 11 4 3 25 35 31 22 19 5 18 29 23 13 37 29 10 29
28 1 8 31 13 14 15 13 34 17 20 21 26 34 16 32 4 23 26 31 2 4 19 33 25 13 33 7 9
28 2 1 14 27 25 19 14 28 27 23 19 6 28 26 33 14 34 5 28 22 10 10 7 10 14 32 25 7
22 37 39 37 33 26 19 5 23 16 9 23 1 17 9 14 15 11 24 5 25 12 5
18 14 26 35 34 0 31 25 2 12 29 12 35 21 18 29 6 1 33
31 1 12 4 15 14 18 3 26 26 10 10 9 14 0 7 22 30 0 39 28 21 1 34 27 34 32 34 34 38 19 21
15 1 35 7 6 7 34 8 33 36 24 25 32 2 37 26
20 12 10 26 23 3 1 39 12 21 27 10 31 16 12 3 34 39 4 8 14
29 36 21 29 11 37 5 34 6 34 38 24 12 39 20 33 20 37 20 4 1 25 26 16 19 9 36 38 9 24
26 28 7 21 23 27 12 33 20 18 32 26 28 11 27 24 26 28 37 4 28 9 11 0 19 1 36
30 13 2 23 11 26 13 1 4 30 21 31 13 36 38 17 30 15 13 38 32 6 15 22 5 16 8 36 20 30 39
11 21 30 30 14 1 17 39 7 17 23 18
16 17 13 26 28 35 30 38 36 19 12 19 7 1 38 27 20
22 28 1 0 34 8 33 32 1 12 36 4 8 11 33 10 1 4 33 22 12 3 5
22 2 16 29 23 2 25 0 12 24 19 19 15 39 19 33 38 23 32 2 16 24 2
16 34 25 24 14 0 0 26 16 20 32 6 28 39 15 15 11
39 23 25 23 30 22 33 9 9 12 20 7 35 14 1 12 13 38 33 17 16 26 36 18 13 14 30 25 32 17 37 28 27 12 25 37 29 2 0 14
25 0 37 8 23 21 18 11 21 8 33 8 26 17 39 37 8 12 20 19 4 35 20 34 18 3
27 9 1 6 30 13 12 35 0 1 30 15 3 22 15 0 21 36 10 15 36 12 21 24 37 34 2 14
20 8 37 39 16 6 8 34 5 0 18 31 4 8 25 19 23 14 36 25 5
17 32 15 5 19 36 37 18 6 37 10 10 29 14 30 3 21 29
20 3 38 16 10 8 32 34 11 14 35 21 34 38 11 6 25 23 39 15 26
20 16 23 7 39 39 34 0 11 39 21 24 6 26 20 23 33 24 30 23 11
32 34 23 11 23 23 37 17 32 15 15 20 12 11 4 33 23 29 14 35 8 3 37 35 23 4 17 25 19 35 38 20 39
25 4 17 35 29 34 31 25 17 6 34 19 7 2 0 21 29 14 31 31 39 4 6 33 35 2
16 34 38 0 25 8 18 25 3 38 13 22 2 9 17 21 1
23 1 32 31 12 18 23 25 26 1 20 35 25 28 2 15 19 9 2 39 30 29 7 19
34 31 37 24 26 36 30 24 23 34 23 4 15 2 0 10 32 15 5 31 16 9 27 11 16 28 4 1 7 13 8 17 31 34 34
6 29 6 34 28 13 29
33 32 30 31 34 27 12 6 25 17 27 20 23 20 31 6 15 31 26 23 1 26 39 26 16 18 11 12 32 3 32 19 15 3
4 7 14 6 29
9 32 17 10 9 0 10 6 4 19
3 4 27 8
26 17 7 35 6 34 22 7 18 32 6 7 19 19 1 39 29 27 0 33 1 25 34 38 3 24 0
28 31 7 8 3 24 8 24 2 34 22 34 22 17 9 22 17 31 3 29 2 1 34 10 35 0 28 13 16
12 32 37 29 12 25 10 15 18 15 13 24 22
7 29 36 19 32 38 21 28
38 20 34 34 8 6 33 37 2 12 20 21 6 10 10 21 10 15 17 31 25 9 7 27 23 23 13 6 32 5 32 6 14 6 15 22 39 27 5
37 5 16 13 26 10 24 33 5 10 5 2 35 9 39 4 10 31 37 16 33 25 20 12 22 29 11 30 38 30 27 13 23 13 9 14 38 10
18 2 37 10 15 27 28 19 12 39 22 14 34 27 26 13 6 21 17
38 22 1 26 35 27 18 4 39 13 7 34 21 38 18 30 15 24 7 11 20 21 29 13 22 7 4 39 0 1 27 34 35 28 36 18 8 15 17
14 18 30 3 3 36 19 27 0 25 16 14 31 4 26
16 17 36 1 2 34 25 8 6 24 23 10 24 39 5 32 29
26 16 11 2 21 10 7 4 37 27 19 18 27 23 7 0 9 1 39 13 23 34 35 1 21 6 33
23 27 36 25 14 34 35 23 14 3 17 15 26 14 1 28 36 8 33 6 22 8 18 6
9 1 20 27 38 36 3 30 24 9
14 30 22 28 7 10 22 25 35 11 4 27 14 27 9
37 32 7 10 2 9 29 8 20 38 34 3 2 21 38 34 24 8 3 30 19 24 11 21 24 8 12 0 24 5 23 26 7 32 16 19 20 13
16 30 31 3 39 21 35 27 16 19 36 7 30 31 25 15 11
11 20 19 13 15 9 22 20 30 14 4 13
36 7 28 0 37 24 24 0 37 34 29 20 26 12 1 31 34 28 1 28 20 37 2 0 0 16 26 36 10 22 29 27 8 22 12 30 3
3 14 28 16
5 12 16 38 23 38
19 33 21 18 18 17 13 38 31 29 35 34 32 19 31 14 28 22 38 24
6 7 28 36 18 9 37
37 28 21 4 36 13 22 4 6 12 33 24 34 6 2 28 15 36 7 16 29 0 3 33 29 9 30 12 32 11 31 4 22 25 19 39 36 19
1 24
24 23 24 15 8 20 9 1 7 0 38 24 17 5 26 0 18 5 11 17 22 38 6 23 15
26 22 12 5 13 39 7 20 4 19 15 38 20 15 26 7 4 17 30 21 35 33 11 19 30 14 12
25 11 15 14 23 29 13 36 11 20 28 5 22 9 22 3 22 39 8 24 0 24 25 25 32 26
14 16 12 38 16 35 3 38 18 16 8 15 21 29 7
16 24 4 20 25 26 4 0 8 17 27 23 24 11 20 28 33
9 25 38 2 23 25 35 14 10 17
36 37 1 15 6 22 6 35 16 5 25 4 16 2 23 10 2 17 27 2 3 26 4 37 25 17 17 13 12 28 17 15 6 1 30 5 36
29 33 35 23 16 34 21 34 31 1 9 18 1 36 35 38 18 7 0 34 34 1 12 14 13 0 9 18 2 0
19 6 19 16 34 38 9 39 39 3 6 9 39 33 0 36 22 33 17 19
20 12 10 7 21 3 25 26 31 1 19 13 8 19 29 39 5 22 8 27 28
25 4 11 30 27 33 36 25 20 27 29 11 13 39 26 33 9 33 17 30 13 3 37 10 36 0
35 3 34 22 6 9 19 5 36 1 15 29 5 39 13 20 12 16 27 38 21 12 21 10 28 10 16 11 4 4 0 9 28 38 32 7
25 31 7 6 6 21 39 25 28 5 8 9 2 35 8 16 30 9 2 29 0 17 4 17 0 30
27 4 23 9 11 7 18 14 14 1 2 15 9 21 25 34 17 24 30 11 22 33 16 33 17 16 29 7
2 37 13
6 23 33 33 3 5 14
3 14 14 29
5 5 19 1 8 34
29 21 25 36 23 25 10 1 24 12 26 12 35 39 36 0 36 2 22 16 1 2 38 11 4 18 33 31 3 28
39 2 36 12 8 34 16 0 36 31 7 27 38 24 25 7 17 27 32 8 15 5 5 11 16 9 36 3 3 31 12 23 29 4 8 12 34 36 14 3
20 0 39 9 2 1 8 17 20 3 17 5 18 26 12 8 30 9 39 6 28
15 31 13 11 23 22 12 22 39 34 23 10 31 14 3 38
19 30 14 22 29 1 31 17 27 0 21 27 18 26 36 26 35 37 12 14
23 5 30 39 1 17 35 17 28 3 35 13 10 23 15 35 32 29 4 3 15 0 26 9
9 17 30 33 34 15 0 27 31 25
36 13 19 37 15 32 30 34 18 39 21 10 33 34 3 6 29 10 16 31 0 27 28 19 12 11 0 10 9 30 31 37 9 27 2 7 37
33 34 22 26 27 30 8 4 1 8 7 9 27 25 17 14 12 21 21 21 0 13 20 28 3 7 36 12 29 26 28 35 29 7
29 25 27 32 33 35 2 33 33 22 18 36 12 11 37 6 24 4 15 34 38 21 2 37 6 11 33 12 13 15
1 26
14 32 21 26 11 19 20 15 33 31 6 7 32 30 29
18 21 27 1 10 39 9 20 22 36 0 19 38 23 16 14 21 33 25
37 32 31 8 16 3 31 31 1 31 3 30 12 16 38 13 21 33 0 14 10 33 27 11 18 26 7 18 2 31 34 35 7 13 19 23 36 32
21 35 31 31 28 18 9 34 36 23 8 18 37 35 2 33 39 33 12 25 23 28
28 0 37 3 14 23 12 37 37 37 3 39 33 6 33 17 8 9 13 21 5 25 35 6 19 1 20 28 27
12 16 3 1 32 16 29 1 25 19 16 23 29
29 30 14 31 3 8 14 13 38 8 17 22 8 7 21 21 29 4 31 2 3 38 20 35 17 35 39 4 6 0
38 24 14 20 1 10 2 34 19 39 35 30 34 7 1 31 1 4 5 25 21 35 8 5 26 33 14 36 2 12 16 21 34 18 11 23 24 32 33
28 18 14 38 17 11 7 21 17 11 21 7 17 9 2 5 27 9 32 36 22 1 21 5 28 28 38 23 0
36 19 39 24 38 36 23 13 33 3 11 11 14 38 20 3 10 14 35 28 0 8 3 15 13 8 13 0 14 38 13 0 1 4 20 24 39
29 31 39 19 13 14 0 13 5 15 8 14 38 15 31 38 27 16 22 30 31 14 33 20 0 11 34 2 10 28
8 24 3 20 13 30 39 25 19
36 37 16 26 19 3 7 20 35 22 33 14 14 14 17 10 27 2 1 16 21 13 33 1 29 24 33 23 1 2 24 14 0 10 23 24 3
11 8 19 8 32 22 22 6 2 17 23 0
39 39 26 27 13 39 23 26 23 31 17 24 32 0 11 22 5 22 26 34 31 35 33 0 9 37 6 28 29 23 0 25 11 17 8 33 21 25 25 16
37 37 16 27 21 39 36 23 20 36 18 2 15 26 5 4 11 6 29 8 25 33 20 29 7 36 24 11 35 1 32 31 19 21 24 21 11 6
37 35 25 24 14 2 5 35 25 19 5 24 39 1 38 20 19 38 16 30 30 24 17 20 26 17 15 35 31 39 31 36 26 35 38 4 1 28
3 5 1 5
34 24 21 39 29 9 29 30 22 6 18 38 22 37 27 5 22 15 35 35 12 19 4 26 14 30 1 38 29 30 0 9 0 26 4
18 20 36 7 26 17 15 18 38 1 36 8 18 20 16 26 11 7 38
26 37 24 3 9 12 23 6 24 25 5 30 18 13 28 16 22 17 33 34 8 32 1 31 15 14 31
36 4 1 8 2 24 15 7 19 6 0 39 15 13 10 32 13 35 7 9 38 39 20 3 5 5 4 12 9 5 18 16 8 3 38 21 6
2 25 0
5 12 2 7 10 12
34 11 2 0 5 2 28 23 6 25 35 24 34 0 2 9 20 3 34 13 11 23 39 22 33 28 14 34 14 7 14 38 14 21 11
18 1 14 25 18 14 9 28 10 38 8 24 11 1 37 23 33 34 9
23 10 2 20 20 17 0 39 0 9 6 5 21 29 3 34 12 0 10 23 3 29 29 37
11 17 0 11 27 3 16 36 0 18 31 6
4 15 2 23 21
17 25 30 14 1 29 1 34 21 21 28 8 13 1 9 36 28 29
1 19
26 3 26 27 21 21 9 10 23 22 13 4 2 36 34 6 22 36 18 0 2 23 9 21 10 22 20
19 14 25 12 19 12 33 28 15 3 38 21 18 31 3 35 24 35 26 5
30 31 10 6 37 28 3 23 7 18 29 31 31 13 18 23 1 9 33 22 2 24 29 22 26 2 28 36 10 5 26
38 34 8 23 22 37 7 12 12 19 35 5 16 1 19 26 34 15 36 37 8 1 37 29 28 27 24 5 35 37 2 14 16 1 2 2 12 12 24
9 29 6 37 12 1 10 18 2 16
18 23 17 37 17 15 32 29 16 18 16 19 32 31 4 28 4 13 5
7 29 6 1 5 31 17 21
7 29 17 7 29 20 1 4
10 37 8 17 11 5 6 37 28 11 17
30 8 35 26 34 23 11 37 20 17 30 37 39 8 12 28 32 4 30 26 5 30 30 9 21 16 7 26 13 28 39
7 4 8 19 37 16 15 22
2 11 36
20 25 5 15 6 28 37 2 14 37 16 7 38 25 4 18 22 23 18 39 13
16 3 28 39 11 9 21 36 23 8 3 7 13 22 6 31 37
17 35 28 32 2 35 20 9 31 10 26 10 0 3 30 24 8 13
28 11 17 12 8 1 28 4 10 30 3 2 2 30 6 29 17 21 36 17 30 0 22 16 37 29 22 2 15
14 1 0 14 16 35 15 21 13 37 13 13 11 22 35
9 30 24 13 4 33 16 10 37 8
20 36 15 31 1 14 28 8 29 7 7 1 33 11 14 12 16 23 22 28 10
6 32 18 12 32 29 30
14 4 36 13 14 25 26 8 1 17 19 21 2 12 32
24 7 29 0 10 37 10 10 25 15 25 1 11 4 17 6 18 37 10 12 38 24 31 35 4
13 9 33 38 20 24 1 17 18 18 15 35 27 33
2 9 21
36 33 9 1 26 32 0 16 31 29 18 0 11 7 25 7 1 6 37 18 0 28 20 8 1 4 37 16 26 10 19 0 3 34 26 19 25
11 9 14 11 7 26 1 2 2 38 3 2
33 18 25 18 26 28 39 14 19 1 7 25 22 38 11 3 6 23 23 2 18 38 5 12 31 14 10 23 2 35 33 8 31 30
24 36 13 6 13 8 3 13 26 19 1 0 0 20 38 11 26 15 20 29 8 30 1 23 23
16 22 2 37 14 18 39 15 9 30 33 38 11 16 36 28 13
15 17 11 31 38 11 30 27 4 36 3 30 14 6 24 19
35 4 13 0 15 34 6 17 31 1 20 6 27 2 21 22 18 1 1 22 18 18 29 7 2 21 1 16 30 30 11 12 11 0 28 32
11 12 39 36 6 29 34 6 3 2 28 38
15 2 9 4 18 0 35 7 31 5 12 35 37 35 22 28
15 18 25 25 8 17 3 24 5 12 20 4 25 24 2 23
9 25 37 8 25 16 29 37 3 4
7 18 23 16 11 1 38 0
33 9 13 21 22 8 36 16 3 19 19 19 21 7 36 39 0 27 22 37 32 9 14 24 20 35 8 8 37 28 38 17 21 32
13 26 15 5 2 35 26 32 15 2 32 37 0 13
21 19 26 35 19 31 13 13 3 14 32 38 38 15 10 31 32 10 28 25 14 38
13 39 15 39 2 16 18 18 22 18 33 38 33 22
36 37 7 39 23 7 33 31 29 36 14 5 16 24 31 25 16 7 23 25 22 29 26 33 12 35 37 11 22 16 36 0 27 15 7 27 7
3 19 36 33
36 4 36 30 34 11 33 25 8 19 25 23 4 13 29 7 27 5 34 10 10 7 31 6 19 32 26 11 17 29 37 39 37 16 14 20 29
32 18 8 38 17 36 1 31 37 27 14 15 14 16 15 14 7 33 22 1 0 24 16 2 20 15 37 20 29 39 31 25 39
8 18 14 29 17 0 22 33 31
11 14 30 34 30 38 23 34 7 31 3 14
21 17 38 18 21 30 26 22 6 26 34 32 30 30 25 37 2 34 31 4 7 19
6 29 5 0 37 11 19
30 33 1 8 26 9 12 14 18 17 31 13 32 27 31 6 19 2 5 35 38 33 0 26 26 29 35 15 34 1 33
7 11 24 18 4 16 20 38
22 9 2 17 16 7 39 31 22 26 30 24 28 33 5 20 39 38 38 2 15 34 32
26 6 28 38 25 25 27 10 22 2 5 11 23 37 31 20 34 0 30 5 8 32 29 13 30 35 25
8 13 32 12 30 27 26 2 9
25 37 3 2 34 27 25 26 32 28 6 27 32 28 1 21 2 10 28 21 28 33 9 25 7 29
27 5 4 19 36 25 33 34 30 13 4 23 16 14 1 39 37 15 2 12 37 39 37 19 12 7 6 1
31 31 37 27 34 30 37 35 0 13 20 23 37 27 23 31 22 33 39 13 30 16 25 10 7 28 29 14 0 18 20 4
15 24 33 29 39 10 16 6 36 20 19 34 29 11 22 34
4 24 28 16 38
20 39 9 21 18 2 8 19 6 3 6 30 25 25 13 20 24 27 0 0 39
39 3 31 5 13 9 6 4 12 10 14 36 27 18 21 16 15 8 3 12 34 34 29 24 28 8 17 5 24 31 39 21 26 9 35 36 10 39 38 2
23 22 26 28 6 23 26 18 1 16 18 33 11 36 35 9 4 1 3 34 38 34 13 33
37 37 9 24 34 14 38 1 9 13 10 17 7 20 33 35 17 13 38 5 21 13 19 9 9 28 28 8 3 13 26 21 2 23 4 27 13 29
27 31 5 29 4 28 25 15 31 29 1 34 0 29 6 27 31 8 11 21 12 1 17 11 4 16 39 38
8 4 0 34 8 8 21 20 14
22 18 23 5 36 19 35 1 23 4 38 24 5 36 18 38 19 2 13 20 32 7 28
33 1 37 33 21 10 15 25 13 17 12 11 34 33 38 37 8 8 36 17 7 21 4 10 39 12 5 28 25 25 21 15 23 22
29 27 27 12 2 14 0 9 38 32 4 38 31 0 13 2 3 19 4 36 0 14 11 14 36 34 16 26 29 22
6 32 24 3 8 11 5
16 11 31 18 8 9 10 34 7 5 23 33 16 18 34 16 10
19 7 22 28 16 35 37 15 28 32 25 29 34 20 19 13 33 37 16 28
22 11 30 9 27 35 6 35 4 23 37 37 35 23 5 4 27 21 39 7 15 6 25
26 26 23 9 20 1 11 29 28 32 36 32 1 6 20 32 30 28 13 19 38 14 0 4 11 10 21
32 19 21 19 16 39 6 6 31 39 3 38 38 32 24 25 17 38 30 6 26 21 9 36 16 21 7 0 1 25 18 8 7
22 24 4 14 21 3 34 7 20 17 18 33 17 7 1 39 16 35 38 15 27 38 5
20 17 36 12 22 35 0 10 39 25 37 27 34 25 31 36 30 12 39 37 2
33 24 27 18 6 22 27 17 32 22 35 17 6 0 10 20 22 14 1 8 14 7 4 34 7 39 3 37 7 27 1 17 7 1
3 33 33 35
29 5 23 23 4 10 9 12 17 4 4 35 31 35 33 13 16 2 16 8 39 30 21 7 30 31 19 2 22 39
31 11 16 22 16 35 24 26 21 27 28 24 16 3 16 25 38 0 26 9 1 32 18 22 25 5 35 38 19 31 17 27
10 20 6 17 34 4 3 7 16 35 16
23 24 21 15 19 10 16 29 9 34 1 22 4 37 10 34 15 8 20 22 33 17 24 18
10 17 37 16 39 26 26 36 8 5 11
2 17 21
11 4 10 7 22 14 1 25 11 7 14 23
8 11 38 6 39 29 33 25 15
25 0 13 15 9 1 14 18 34 2 14 17 4 29 16 23 18 13 2 11 22 27 11 34 14 9
35 38 32 7 35 37 27 38 13 25 14 38 32 32 37 38 3 13 36 23 17 18 13 34 13 10 20 8 14 22 38 3 4 33 15 23
11 31 11 36 17 28 22 5 17 22 14 36
12 14 7 37 31 9 8 18 16 19 2 3 18
37 35 5 4 20 4 7 26 17 30 11 6 6 33 18 35 19 22 39 3 14 26 33 7 1 32 20 24 0 39 32 26 21 5 17 9 7 10
35 34 11 23 39 16 8 36 21 29 8 9 39 36 37 21 21 29 17 10 6 13 25 20 17 17 3 25 28 24 13 11 10 35 3 32
28 4 24 32 18 27 27 29 3 27 33 12 19 24 8 15 32 12 38 10 24 16 4 28 39 16 27 2 34
25 15 32 10 28 25 9 24 33 5 30 32 24 12 24 21 9 17 29 3 2 30 2 4 14 20
9 4 28 35 16 2 14 3 24 17
34 2 15 29 19 34 19 0 17 32 3 38 34 8 10 25 10 33 23 1 1 33 21 0 34 11 17 34 27 0 8 35 35 16 23
6 12 20 17 32 20 36
29 15 7 33 5 9 33 29 15 32 33 7 13 16 24 38 13 0 39 30 24 28 21 8 12 12 35 36 39 28
24 1 17 35 4 14 18 27 26 37 6 24 22 28 38 8 35 26 3 37 13 36 23 2 15
11 6 35 36 19 17 0 32 39 39 21 4
21 12 15 32 33 34 22 37 15 27 34 6 33 35 29 17 13 37 15 30 21 1
2 23 34
29 25 26 25 31 12 32 33 25 9 39 2 21 35 1 25 26 37 18 16 25 24 28 3 6 1 23 11 22 3
28 13 23 32 3 6 19 19 21 12 18 35 7 1 1 30 0 17 7 12 28 32 31 1 7 14 33 27 31
20 1 36 1 39 34 23 34 6 27 37 21 17 36 9 3 1 30 6 20 26
16 0 8 9 10 13 28 34 28 27 28 15 13 28 16 26 0
20 28 25 2 21 36 6 36 25 8 35 4 20 39 28 4 23 22 21 34 14
37 35 0 24 2 37 31 12 39 10 15 29 19 18 6 37 0 12 27 13 15 26 36 34 1 4 15 39 23 4 22 1 3 26 8 26 31 8
7 22 4 19 12 30 18 24
5 27 28 25 39 4
13 25 2 2 37 36 4 8 29 31 21 14 2 37
2 24 36
13 20 31 38 13 33 5 13 8 12 3 16 9 10
8 35 34 38 35 22 39 10 34
39 9 14 8 26 1 11 6 1 18 38 3 13 20 29 1 8 31 18 20 2 23 14 12 32 5 11 36 2 10 21 22 11 6 17 33 20 15 11 3
12 36 9 5 1 17 14 26 37 19 35 3 27
22 10 21 33 14 18 15 12 34 31 6 21 21 27 23 23 7 30 4 32 36 18 14
33 29 31 8 10 32 27 5 29 38 34 37 36 15 36 18 25 15 32 15 27 17 13 30 15 15 32 14 10 25 15 5 10 38
32 9 24 38 27 33 3 26 2 13 14 20 14 39 21 35 15 21 31 13 18 8 15 0 3 15 10 21 38 35 3 32 6
8 5 32 21 2 2 34 7 31
2 29 5
12 34 24 26 36 4 4 9 19 36 9 4 34
25 32 23 26 14 0 13 39 31 35 13 25 34 1 29 28 9 39 13 38 35 37 4 9 34 11
35 22 25 3 23 34 33 33 0 2 13 11 12 15 0 12 3 39 0 17 35 12 20 20 36 12 5 12 38 25 27 36 39 17 29 27
38 10 13 11 6 33 39 32 2 7 1 16 10 33 29 36 15 12 19 22 31 29 17 4 0 26 14 3 16 33 33 39 37 0 12 21 21 26 36
4 12 19 35 25
28 25 3 16 19 5 1 28 4 0 25 18 33 8 29 11 12 39 2 10 21 29 22 31 16 6 15 23 28
30 39 29 6 5 21 10 36 8 12 32 20 35 32 6 25 18 32 0 39 29 8 0 37 29 19 7 20 22 34 29
31 8 22 22 35 35 33 17 0 11 16 34 13 12 20 24 25 10 22 11 4 4 27 2 11 30 30 30 14 22 39 20
6 17 6 13 3 37 1
9 35 37 38 9 15 14 28 12 9
21 32 24 12 3 32 19 18 5 30 7 20 33 12 0 24 25 25 14 20 9 33
15 12 31 39 2 11 24 18 0 23 0 19 7 22 19 33
4 1 15 3 10
6 21 30 15 29 31 7
13 12 36 6 37 14 22 35 30 28 20 35 16 24
35 22 28 27 28 35 26 26 8 35 31 9 35 1 15 11 29 24 6 28 19 4 34 11 10 13 39 36 28 25 28 8 15 8 5 8
30 26 11 16 27 32 22 6 36 18 8 26 17 29 15 35 19 25 4 1 13 15 8 35 18 35 34 37 38 30 27
32 24 31 17 15 36 33 0 14 19 10 9 25 19 34 7 34 12 20 25 0 26 0 13 3 9 6 8 32 20 30 15 19
4 26 17 27 19
14 24 37 19 23 36 10 19 25 32 31 7 13 23 22
15 0 0 31 7 17 4 38 10 29 0 30 21 38 1 37
4 38 2 39 29
6 0 19 39 16 24 31
17 36 10 31 3 25 36 39 38 18 27 10 33 39 39 12 26 17
16 5 30 28 10 34 38 11 9 18 7 12 12 36 24 37 39
30 24 23 28 29 39 8 32 39 24 0 38 17 19 37 8 23 17 24 27 36 3 8 5 6 19 38 7 34 24 9
21 22 39 22 11 6 12 19 27 33 34 5 39 8 36 23 37 4 22 0 30 36
11 11 24 25 26 12 35 32 29 12 10 8
18 18 13 33 32 5 8 33 4 26 5 3 29 22 37 20 1 25 27
38 39 36 15 6 18 39 6 16 1 39 13 24 15 9 22 5 38 14 23 39 5 1 7 9 13 17 20 19 11 37 37 26 13 21 23 13 37 7
38 29 39 34 16 11 35 4 27 1 35 30 35 23 28 1 19 39 29 29 36 14 1 32 35 8 19 14 24 3 23 6 21 20 17 30 8 25 15
29 29 21 22 23 10 0 0 6 22 30 2 21 17 14 16 33 21 26 0 35 11 19 18 19 27 30 9 1 24
1 16
10 14 36 2 30 1 32 24 18 22 23
8 31 12 39 3 1 25 24 22
9 30 10 8 24 5 37 34 25 34
39 20 17 35 6 29 14 10 18 30 2 37 39 22 30 9 23 32 13 5 7 27 1 17 14 10 22 9 35 6 28 32 25 23 15 37 23 26 32 23
9 29 1 17 38 36 3 15 20 19
36 10 15 31 14 26 26 12 13 39 24 23 33 1 20 7 26 7 2 4 21 20 9 2 29 12 25 15 13 39 24 8 33 30 15 36 16
21 37 14 30 1 4 24 39 13 35 29 1 5 22 33 16 37 29 30 0 25 16
31 36 33 6 15 33 0 4 17 11 21 37 8 24 8 19 27 24 30 31 24 10 20 22 3 39 9 14 22 0 35 34
25 3 22 15 1 3 26 17 30 37 9 2 16 11 10 25 14 22 16 6 38 26 19 20 10 24
18 1 10 34 15 10 20 16 2 18 33 14 24 38 13 23 27 36 18
12 2 11 18 19 15 14 35 14 9 27 5 11
18 21 8 36 28 38 33 22 4 37 32 28 2 37 3 39 11 11 19
37 25 29 13 28 19 33 34 38 0 1 37 25 17 23 15 18 2 37 3 16 16 36 31 13 16 16 23 28 19 33 35 5 29 10 24 0 21
4 9 36 36 14
26 26 30 14 20 24 35 13 33 8 38 37 22 25 2 31 13 23 15 36 21 21 31 25 26 30 28
19 36 27 16 19 27 6 31 8 34 0 7 26 13 14 4 1 33 16 39
22 38 26 37 37 33 15 31 16 7 32 33 21 36 30 25 31 7 7 31 38 30 28
10 12 34 25 37 3 23 10 10 37 13
39 36 10 34 9 16 11 29 39 23 23 1 37 2 16 16 27 25 19 4 9 28 17 16 29 27 30 19 24 36 19 29 25 8 1 31 39 32 25 24
18 11 19 19 0 13 39 34 4 29 26 26 39 36 9 23 20 13 6
26 29 2 25 24 27 39 33 35 18 29 15 22 3 9 2 26 16 8 14 30 29 10 15 5 38 20
37 15 3 30 27 38 9 21 17 39 7 22 5 38 19 24 8 20 32 10 11 3 27 18 32 7 21 24 0 23 18 25 3 4 12 37 16 27
8 12 26 7 38 3 17 35 30
36 33 0 35 28 14 31 24 31 9 6 22 32 9 24 1 28 11 0 10 23 8 14 14 5 5 0 36 30 32 22 10 19 11 1 6 13
34 2 13 15 19 15 25 37 23 10 12 8 9 11 28 32 25 14 25 4 12 24 24 33 21 13 15 15 33 9 31 22 17 20 13
10 29 21 21 37 26 9 24 13 25 35
25 36 2 12 7 34 9 21 20 39 37 24 31 11 19 22 0 39 38 20 39 37 1 29 36 7
7 24 38 9 34 29 14 35
18 0 21 2 7 19 2 24 32 27 3 12 22 33 13 38 39 21 7
27 13 16 17 26 15 17 30 20 39 30 18 17 18 33 5 3 26 3 5 16 26 23 2 4 21 10 18
11 7 6 10 12 5 25 7 31 38 18 19
3 3 3 3
