388
18 26 25 21 39 37 8 23 6 31 9 29 7 36 6 21 38 23 17
34 14 23 33 10 12 23 32 4 5 12 5 22 6 35 22 8 16 27 12 6 26 21 16 24 23 15 23 34 23 21 16 19 9 12
15 25 22 8 35 24 30 3 11 38 4 14 10 15 10 35
25 24 32 3 5 20 33 25 4 21 10 18 36 29 25 9 19 17 5 9 29 20 9 35 17 6
23 14 3 37 8 37 10 0 37 25 28 9 33 33 24 10 13 27 14 13 20 31 3 24
13 6 21 38 9 16 31 5 22 9 34 17 23 24
25 24 28 31 32 37 17 5 25 10 38 18 34 28 26 35 7 13 28 26 30 31 32 2 2 35
8 8 13 33 31 7 10 36 23
25 13 13 1 36 29 29 33 37 27 16 22 14 32 17 12 39 3 28 31 12 34 21 32 1 26
34 12 9 2 15 5 13 14 0 3 24 8 5 16 5 29 19 2 16 26 20 35 11 1 31 20 12 14 22 37 30 28 1 38 10
3 35 15 24
32 19 6 23 36 1 36 4 13 36 11 5 16 18 9 19 12 33 26 2 2 1 20 0 17 8 30 19 5 4 16 30 11
20 17 1 31 6 1 35 1 0 19 1 5 4 16 11 26 11 2 11 17 19
15 13 12 23 30 35 29 14 16 15 24 24 4 35 36 7
8 23 32 12 25 20 10 4 8
3 34 10 20
12 24 38 20 39 5 38 30 17 11 33 22 15
24 30 31 19 1 29 25 39 27 17 15 9 1 25 25 19 35 19 1 8 9 15 24 20 25
5 7 30 16 26 1
26 39 28 20 16 18 25 28 3 39 12 9 15 20 10 30 29 39 11 26 12 4 21 10 10 12 6
13 8 37 9 8 0 9 20 28 1 12 17 0 0
39 5 31 3 24 20 5 19 30 1 3 26 13 17 4 28 18 28 37 5 23 22 16 11 19 31 8 17 10 35 3 11 14 5 1 36 11 1 9 4
4 34 4 22 36
6 4 38 32 13 36 27
7 39 32 39 16 22 35 33
25 25 9 35 15 0 24 2 4 11 21 33 35 22 29 37 29 4 33 26 29 31 36 29 11 28
3 3 22 11
15 12 13 21 36 21 24 3 37 17 9 19 5 3 35 33
25 36 1 6 30 21 16 36 24 33 20 30 37 6 10 0 36 3 10 31 24 1 14 31 15 1
10 35 19 32 9 19 18 34 27 18 11
22 13 38 34 30 27 7 4 26 10 3 37 12 15 6 9 6 13 0 11 39 4 29
7 36 33 1 17 36 0 3
26 32 2 17 35 26 18 4 12 2 35 2 13 24 12 36 39 28 29 5 1 31 11 19 11 6 34
31 16 19 36 2 24 16 5 11 27 21 11 10 32 11 30 6 16 20 34 6 25 36 17 17 12 10 29 38 4 30 15
28 3 3 7 0 15 20 11 30 23 9 4 21 27 25 7 17 21 9 26 15 30 6 28 29 29 1 38 33
16 31 14 12 9 37 0 2 12 13 17 23 14 8 25 23 4
32 0 22 4 9 38 39 4 16 3 15 38 7 39 13 4 4 28 39 20 6 0 13 15 5 19 33 8 18 20 25 32 36
9 26 36 35 29 17 38 5 14 11
9 7 0 18 38 35 5 30 38 24
36 39 6 1 8 36 24 9 19 30 19 11 36 35 37 19 29 39 22 13 13 30 23 38 8 12 22 2 9 32 16 16 20 11 15 12 35
35 38 10 26 20 29 7 12 25 36 38 22 20 13 36 35 34 12 36 6 37 28 35 21 38 36 26 11 13 26 2 38 30 0 21 17
1 21
13 22 4 11 36 21 12 23 5 20 17 28 34 12
32 26 39 31 32 14 11 27 31 12 12 9 39 33 29 36 31 20 31 17 29 6 2 22 14 33 21 20 38 20 8 30 28
27 0 24 18 36 17 1 5 22 1 34 15 13 39 27 38 20 18 19 14 35 28 31 12 4 14 5 26
12 28 12 10 0 0 19 33 30 10 14 36 26
10 14 19 29 13 10 19 7 12 6 38
7 30 4 38 18 12 4 15
6 11 34 18 4 11 13
32 5 35 35 26 37 16 10 36 14 15 16 34 28 25 26 29 38 16 33 0 22 5 16 24 29 4 32 35 13 15 6 25
15 4 17 15 26 8 6 25 28 6 13 33 6 26 16 38
22 38 0 33 2 32 27 36 32 6 0 26 32 32 12 25 27 29 12 22 8 17 38
3 11 25 0
3 31 10 24
32 19 39 11 29 26 12 25 10 5 39 33 26 17 31 2 21 26 13 19 5 19 30 15 29 10 23 16 20 33 14 26 37
23 35 24 0 12 22 34 27 30 19 0 16 24 32 30 16 4 4 17 24 35 16 37 14
32 39 16 0 15 20 8 22 0 37 31 2 26 10 34 22 34 9 38 30 15 29 7 17 15 36 21 1 18 7 1 8 23
18 37 8 27 21 16 4 28 23 5 20 29 17 3 4 3 35 32 29
35 35 3 12 35 9 6 19 20 27 0 25 22 3 32 28 30 33 15 11 14 38 31 24 10 19 25 25 1 25 4 32 32 19 12 12
27 16 34 24 28 32 25 2 33 38 15 28 6 14 13 25 36 17 14 38 18 8 17 29 6 19 29 18
11 14 5 37 35 8 29 11 18 5 10 21
4 28 21 38 12
20 4 20 3 17 7 9 20 23 22 14 33 37 16 21 16 21 22 32 11 15
32 37 31 8 13 33 1 2 33 33 2 1 26 2 17 11 35 14 32 28 7 26 14 11 1 26 10 21 9 12 7 39 27
11 29 16 13 21 20 19 35 23 30 21 27
29 39 16 18 25 18 6 32 36 31 24 36 25 27 26 2 2 36 23 12 24 24 31 29 21 7 24 20 24 34
11 26 5 25 13 3 20 9 18 37 14 4
6 19 5 19 17 34 8
1 31
30 4 2 12 10 8 3 1 29 26 9 20 23 22 19 19 15 33 33 39 13 13 1 31 21 33 10 26 31 3 30
28 11 11 18 6 29 33 20 29 32 16 35 15 31 13 13 4 35 37 16 2 3 19 17 39 23 4 25 18
39 13 31 16 9 24 16 7 32 34 28 33 22 2 30 31 28 35 12 36 33 38 6 10 18 1 8 13 19 7 38 13 5 11 9 4 15 2 24 18
28 18 17 10 13 35 7 29 31 14 27 8 8 12 33 33 32 39 39 31 17 11 12 17 29 8 21 18 13
27 15 26 3 17 16 25 22 1 19 39 36 1 31 11 9 29 6 2 7 33 34 13 18 26 30 24 3
27 13 30 6 29 21 7 11 33 37 14 28 12 38 0 3 3 14 8 17 9 32 12 35 21 21 32 37
28 5 22 14 0 27 23 8 27 12 37 36 10 39 6 1 34 26 10 37 38 16 0 30 37 15 39 33 18
17 14 10 4 8 22 12 35 23 25 7 19 35 23 0 7 26 11
15 3 11 38 10 21 27 24 5 0 27 35 25 11 31 2
4 12 25 5 32
15 8 19 23 38 29 16 15 33 25 0 31 4 17 24 1
33 17 31 10 36 2 31 3 24 1 36 9 9 29 32 2 4 16 14 5 2 23 29 33 7 19 25 4 38 12 13 31 35 16
28 1 38 28 20 4 29 11 20 34 16 10 1 27 12 6 36 32 16 10 13 39 36 31 6 28 15 11 13
8 4 7 0 7 34 22 39 10
7 27 1 39 14 38 9 6
25 30 2 20 19 39 3 20 30 20 30 29 35 4 25 16 18 13 30 35 17 36 0 38 9 39
7 7 37 27 25 33 24 8
1 11
30 22 37 3 29 36 21 21 5 32 24 8 29 37 23 18 19 27 5 11 22 26 37 22 35 4 4 15 23 9 20
1 26
26 2 33 30 25 13 28 2 2 13 5 21 5 26 22 15 17 29 3 11 24 33 19 24 28 35 2
36 1 31 7 23 20 4 16 23 9 15 5 34 34 12 32 33 30 9 13 12 31 33 38 23 28 38 3 0 8 15 38 39 10 27 39 38
30 25 39 20 15 15 13 4 10 19 23 10 13 28 0 1 0 17 38 33 38 11 29 11 4 4 29 10 16 32 30
31 29 4 3 39 8 37 0 27 23 23 27 11 32 2 19 16 37 4 25 17 9 29 27 39 22 20 30 22 11 18 34
28 7 32 11 3 10 24 15 2 27 21 36 24 29 10 11 22 38 8 39 29 0 33 9 11 11 32 21 3
15 26 28 25 11 7 37 37 39 26 21 24 35 14 27 22
32 3 30 26 26 17 32 30 37 8 7 7 1 16 27 24 8 32 33 16 27 29 11 20 14 19 6 7 8 28 34 17 7
24 18 12 4 35 20 19 5 12 8 29 3 23 31 24 12 26 27 31 2 24 34 28 22 25
20 1 24 2 1 34 19 19 35 18 32 28 5 16 9 12 29 5 10 33 12
19 24 39 24 38 39 17 21 24 28 37 39 24 28 12 22 27 36 30 12
18 6 6 27 24 26 29 9 11 24 39 26 13 15 30 24 14 25 17
18 35 32 12 15 15 27 3 24 28 38 10 0 6 23 17 34 5 19
36 32 22 19 33 38 31 25 1 5 18 31 26 39 14 33 19 34 9 24 17 30 8 18 11 15 25 22 3 18 39 20 26 38 24 17 25
37 38 22 30 18 18 2 22 30 0 38 7 11 17 13 33 38 32 15 19 18 36 23 33 29 8 32 7 18 20 2 21 36 23 2 2 35 21
32 27 37 13 9 1 15 9 24 12 23 27 12 16 29 3 6 33 15 36 2 26 22 27 23 29 7 1 17 37 29 9 23
5 1 36 8 15 9
20 20 26 17 36 14 13 10 3 34 25 12 13 29 21 22 39 13 10 9 12
15 30 33 30 25 15 8 4 4 39 7 7 1 29 3 7
27 8 20 21 14 13 18 1 33 29 10 11 3 17 32 30 1 4 2 35 27 38 5 14 1 4 11 37
30 10 14 23 33 35 19 1 12 37 2 15 33 27 29 14 7 8 39 14 19 29 26 3 25 31 25 12 19 2 24
27 2 8 1 26 2 5 21 31 27 23 13 14 38 32 36 2 3 8 24 39 23 24 36 19 21 2 1
4 12 2 19 15
3 10 21 19
32 31 33 29 13 23 2 29 29 30 4 19 24 9 25 14 29 16 30 19 22 24 1 8 27 21 18 10 10 22 8 27 30
31 4 0 35 29 20 22 27 28 14 34 9 16 24 14 38 20 36 22 8 32 1 31 35 17 15 25 32 7 24 23 37
4 12 14 10 39
32 8 37 29 39 34 3 30 32 39 39 10 24 3 35 30 14 3 30 21 5 35 13 15 1 19 22 22 15 6 20 36 6
21 26 27 12 11 11 39 20 17 23 3 23 23 39 31 38 10 11 20 27 27 18
1 30
34 33 9 29 36 11 24 28 1 28 13 15 11 37 3 21 10 28 11 1 36 39 11 2 1 29 30 13 4 11 6 31 22 22 32
27 38 8 20 12 8 18 22 23 33 39 6 31 26 25 29 19 19 26 39 17 26 1 5 8 0 18 0
11 13 6 27 20 30 26 32 27 14 24 18
5 5 27 5 26 24
32 37 11 8 29 23 5 5 9 21 24 31 5 37 36 21 21 39 29 30 34 22 18 17 17 13 3 3 0 17 30 22 20
10 25 6 27 36 38 24 25 17 7 20
2 23 24
20 34 27 28 30 37 34 18 19 22 26 21 18 2 38 14 5 9 16 37 36
29 27 0 4 32 13 22 14 36 5 37 0 2 18 17 18 16 37 3 11 17 9 10 11 6 31 16 2 39 5
24 21 23 19 16 12 15 22 21 36 27 29 38 11 3 29 30 10 5 29 21 31 8 10 13
34 3 34 2 17 30 27 22 31 21 27 26 30 30 1 25 2 17 15 21 17 5 22 6 18 39 5 1 39 28 26 28 12 0 11
38 33 31 28 34 33 15 1 6 11 34 16 16 30 32 7 38 10 20 4 10 12 3 29 31 12 36 32 4 10 37 10 38 22 39 7 27 36 38
5 30 17 24 8 23
33 31 10 24 12 14 27 8 30 25 27 9 39 12 7 21 10 24 30 3 4 9 18 22 6 13 18 31 21 6 10 31 27 32
16 9 29 39 18 19 11 14 10 15 19 39 23 37 23 38 31
30 27 7 16 0 5 17 29 15 1 28 24 8 3 33 38 20 14 22 38 37 9 2 1 12 34 35 7 9 16 7
14 37 9 1 18 12 0 21 30 37 33 9 9 10 15
28 36 21 8 2 23 6 36 5 24 24 10 17 20 29 39 13 4 7 24 18 33 31 9 0 3 3 11 8
2 31 13
17 9 11 25 34 11 38 0 32 36 16 28 28 18 13 21 23 21
17 1 21 14 38 11 17 2 17 28 6 8 13 30 12 19 17 37
16 27 27 39 35 26 10 6 15 17 22 16 9 5 9 32 23
36 28 33 28 25 24 15 25 15 2 35 16 6 27 17 32 26 12 19 20 30 16 9 18 10 2 18 29 33 14 14 16 26 15 17 19 20
33 27 0 15 16 36 32 17 21 0 34 2 24 17 11 0 16 6 36 2 33 33 1 24 38 10 31 23 23 20 29 6 8 20
29 4 3 1 38 28 12 3 23 28 18 33 35 21 37 19 15 20 9 35 30 27 21 38 26 23 3 34 1 34
15 29 25 0 4 13 35 25 22 27 2 2 1 11 6 12
28 23 0 31 5 35 4 11 24 14 8 35 14 15 17 35 25 4 5 21 31 25 21 7 0 8 33 28 31
34 12 15 29 6 17 4 0 38 39 3 10 18 7 36 0 33 24 38 24 13 26 39 35 32 23 25 4 7 32 1 29 8 26 14
19 29 30 1 12 31 12 32 3 14 31 8 12 24 0 24 4 14 4 33
30 8 24 6 31 31 11 11 26 30 39 11 22 7 24 24 21 4 7 28 34 26 9 15 33 36 15 36 33 13 36
2 12 26
18 17 17 0 11 39 35 13 5 12 13 34 26 6 37 0 22 38 4
36 36 10 0 35 8 24 9 19 11 34 0 20 12 0 1 30 26 39 37 28 34 35 8 29 27 29 36 17 12 25 39 30 4 9 5 22
5 19 29 26 4 20
1 30
35 26 3 4 34 8 23 8 29 28 1 7 15 29 35 3 9 32 29 8 35 23 22 2 31 29 35 3 32 0 32 6 4 21 5 15
14 1 12 14 25 28 12 36 28 6 18 24 38 37 20
30 12 7 22 3 3 22 37 4 29 3 5 31 10 25 4 3 38 9 27 37 33 13 10 4 32 2 39 31 3 6
28 12 38 22 14 10 20 19 19 22 28 0 31 28 32 37 38 7 10 38 5 7 29 30 3 36 39 25 34
3 18 28 11
39 34 1 2 18 15 10 9 25 12 3 34 6 16 6 23 9 26 14 24 28 37 18 17 0 9 12 26 34 27 31 31 38 5 30 6 39 11 35 39
32 38 15 23 17 7 38 38 34 5 9 20 14 9 10 37 15 0 25 11 16 29 0 20 32 17 12 2 6 34 30 15 21
11 15 8 18 3 25 36 13 25 39 38 14
7 9 20 14 38 2 30 7
37 18 4 3 33 4 15 38 8 18 17 14 39 24 21 33 7 18 9 13 4 5 38 4 11 23 33 25 14 39 5 37 39 36 25 9 5 35
3 12 38 31
27 4 13 37 13 33 30 9 31 12 18 17 16 33 23 5 11 26 20 4 19 4 26 29 33 39 15 23
37 6 16 12 24 20 8 33 3 21 19 6 39 30 4 1 12 20 13 26 0 7 28 10 3 21 10 29 23 27 8 7 3 3 6 31 38 17
24 16 19 29 18 31 15 20 16 2 4 32 13 38 11 3 5 32 28 4 32 18 23 22 8
11 10 11 8 10 27 35 9 29 34 20 28
19 34 0 9 14 16 19 22 35 25 13 5 38 28 38 3 25 1 34 36
25 24 25 14 30 22 15 19 32 5 14 16 23 39 33 18 33 6 26 29 28 39 3 23 20 12
38 22 17 33 15 35 33 32 16 16 38 15 8 3 5 10 2 31 27 0 0 35 29 33 19 21 26 18 30 8 9 7 17 6 11 39 16 24 1
6 14 26 21 39 39 33
7 29 0 25 16 15 15 29
19 27 9 11 18 28 1 12 35 30 22 16 18 22 27 10 13 22 25 28
8 22 15 6 16 8 30 32 18
4 16 6 0 29
8 25 26 38 29 10 17 16 20
5 12 25 1 11 28
21 13 2 21 7 5 33 10 11 30 5 26 11 26 26 7 18 13 11 33 28 28
15 15 30 25 34 19 33 25 16 12 15 30 26 33 8 8
6 36 34 4 36 30 19
2 27 17
7 28 35 26 26 25 2 30
20 38 6 25 8 23 16 4 21 29 37 18 26 21 13 25 15 3 1 5 3
12 8 32 38 35 26 1 18 20 14 2 14 39
25 30 25 14 20 20 22 7 15 32 35 23 32 24 37 25 3 15 31 26 25 32 6 39 22 3
33 29 31 3 24 24 38 32 12 17 10 27 6 38 29 28 35 16 5 8 27 22 23 30 23 26 11 2 20 36 2 38 34 6
28 39 30 8 38 13 32 26 28 29 29 5 11 16 25 6 20 26 16 2 7 0 26 5 15 7 22 8 1
9 12 6 4 13 35 29 28 2 1
1 32
20 28 13 14 5 5 23 7 23 16 19 21 13 6 35 3 5 6 23 19 14
37 38 2 9 33 28 19 35 22 12 22 20 39 2 1 39 15 31 26 0 22 5 33 37 15 16 17 36 10 12 13 29 37 37 36 14 0 16
13 36 23 5 1 28 32 4 1 22 21 3 12 28
28 5 7 0 37 7 26 15 20 36 3 5 26 11 15 31 18 9 20 37 25 29 26 9 23 32 15 18 26
22 0 23 20 22 28 36 37 18 24 7 20 3 9 12 39 20 32 16 2 16 4 25
37 36 18 8 25 32 34 10 29 16 7 31 34 36 37 27 20 10 23 24 29 30 38 11 19 10 14 37 7 35 16 33 2 0 33 35 27 35
33 21 19 27 26 0 18 3 37 2 34 10 28 37 10 8 11 22 18 5 29 32 35 35 29 25 30 37 0 15 34 15 25 8
20 32 26 36 17 39 14 17 8 7 38 18 36 12 38 30 20 21 37 29 22
7 4 3 2 18 38 0 31
29 11 16 18 28 22 20 24 17 24 34 8 34 27 10 1 30 7 16 21 0 23 24 3 16 8 10 28 26 20
13 38 36 39 13 29 6 16 29 14 29 18 28 19
39 13 26 7 34 11 32 13 22 32 22 20 11 28 6 30 24 33 15 34 0 34 28 32 30 18 31 11 19 10 39 0 29 7 11 34 18 37 16 1
10 27 5 39 0 19 27 0 20 20 4
4 3 1 9 23
20 9 23 22 32 10 34 34 13 28 37 17 31 32 11 30 29 4 25 35 8
8 37 16 30 2 5 38 23 13
28 15 26 3 28 6 1 32 9 11 34 22 37 11 6 14 22 1 13 12 19 33 36 5 2 16 38 37 28
33 35 7 32 32 9 32 28 29 23 10 17 29 10 32 29 35 16 32 1 5 5 13 29 2 11 4 0 5 6 17 28 39 8
37 24 0 11 9 18 32 39 34 20 0 12 5 1 7 12 5 31 4 12 2 18 39 9 34 19 17 0 2 23 14 30 13 6 14 39 20 30
38 2 20 28 11 36 18 35 39 24 10 39 37 0 0 33 10 39 4 23 15 24 32 1 16 16 10 2 24 37 28 35 20 36 6 9 27 4 23
17 37 25 29 9 26 0 18 21 11 37 30 15 16 7 22 17 6
14 34 3 6 27 27 34 9 11 17 9 37 5 7 27
9 24 13 34 28 13 9 9 0 26
21 26 18 24 3 12 28 7 9 15 16 39 16 35 15 9 27 37 0 8 13 38
11 32 26 15 24 10 2 9 5 11 24 28
30 21 33 17 34 10 21 18 34 1 1 22 2 22 11 30 27 30 33 7 10 24 32 33 7 19 3 13 34 4 17
7 32 17 14 32 3 1 0
15 15 0 13 30 32 8 38 26 15 39 21 15 11 27 31
34 31 28 34 31 1 10 27 12 13 38 11 12 24 23 29 8 2 17 32 3 29 20 26 4 36 16 31 7 10 18 34 30 39 25
27 4 22 5 37 29 29 23 5 11 13 5 38 20 8 16 20 16 21 19 14 33 16 2 1 21 36 37
4 14 31 11 4
31 2 21 35 5 35 13 25 17 39 36 28 4 39 34 6 38 37 21 24 39 22 21 28 12 10 34 30 16 2 25 27
27 20 11 18 39 20 27 9 39 15 33 4 35 30 13 6 15 7 0 32 16 36 29 32 35 33 24 0
27 15 20 2 7 23 38 17 38 30 31 35 36 31 32 3 28 11 33 27 28 14 21 3 13 34 9 3
29 35 0 38 20 2 8 34 38 38 18 23 20 11 22 39 25 10 10 34 8 12 19 37 21 11 28 20 33 39
20 39 11 15 27 0 8 8 30 23 33 13 18 38 23 15 7 32 36 27 28
4 1 37 11 10
37 25 10 1 19 25 26 17 35 12 16 18 34 17 20 30 9 33 5 33 30 5 36 35 17 21 23 4 22 35 23 11 25 32 1 14 21 4
21 19 11 1 32 14 2 28 37 29 21 4 29 6 33 26 5 29 27 8 6 2
7 12 28 21 6 15 8 34
22 24 36 39 23 18 17 22 9 35 11 27 21 33 21 17 15 32 22 13 5 9 6
3 0 27 37
33 31 7 6 3 19 24 24 6 31 5 30 3 1 25 30 2 24 39 2 6 11 16 32 12 17 31 31 26 2 31 3 34 27
21 30 4 31 23 19 23 24 16 39 8 36 15 35 7 33 17 1 32 8 9 0
11 3 1 16 38 28 6 1 2 1 22 6
19 4 37 32 33 24 7 35 25 28 5 35 14 34 3 32 16 9 28 24
16 10 32 21 19 10 31 37 36 4 6 36 38 4 21 6 31
3 34 18 10
39 10 32 8 4 39 17 33 30 14 3 14 38 32 4 6 9 37 7 19 19 28 4 24 16 22 17 0 5 8 13 20 18 33 10 7 37 21 25 28
8 35 18 30 27 12 34 1 1
8 30 1 14 38 35 16 6 27
6 16 19 31 24 23 25
30 15 11 13 6 16 24 19 39 39 20 8 27 2 2 11 12 36 26 7 28 25 27 31 17 23 28 39 25 20 21
12 38 13 21 4 34 13 37 39 38 6 37 30
34 10 8 35 30 33 17 21 16 24 17 12 15 5 11 29 35 24 24 1 33 32 7 3 20 33 39 30 14 38 31 27 1 37 37
13 17 31 21 13 37 10 38 26 24 19 15 11 18
19 16 16 18 26 31 4 11 0 16 17 21 35 39 39 21 31 10 36 38
16 22 29 15 34 25 17 0 12 16 13 25 38 11 10 22 24
38 13 23 6 39 32 22 31 36 34 28 23 22 27 34 36 13 25 22 8 5 35 28 30 12 18 20 5 26 0 19 9 22 25 13 37 29 7 35
36 35 30 0 4 3 2 18 8 24 36 29 17 29 39 2 20 17 23 7 21 31 8 2 31 30 8 14 3 0 39 16 0 17 1 1 20
11 33 8 37 5 18 26 14 29 14 39 8
7 25 1 30 11 8 32 11
31 9 0 33 28 5 18 25 20 39 18 16 17 37 33 29 14 8 25 16 29 11 39 18 7 27 34 9 3 25 15 16
29 2 30 7 5 28 8 10 15 20 11 12 11 20 11 19 8 4 34 4 21 24 7 21 39 1 17 10 39 31
20 37 25 31 17 23 32 18 3 9 28 19 10 31 23 37 28 20 25 19 32
15 39 10 2 34 13 10 8 14 10 5 22 28 16 39 7
8 37 17 9 30 29 3 39 24
15 9 16 31 29 25 32 33 15 15 23 6 38 30 8 34
11 13 31 0 20 22 24 37 29 1 1 20
35 6 18 34 26 35 1 24 13 5 21 29 8 31 12 23 16 8 5 8 27 27 13 29 26 25 39 35 8 14 7 35 12 22 6 12
5 30 13 9 29 4
33 25 3 35 12 21 25 18 12 35 7 11 14 34 11 9 28 12 19 10 5 2 21 30 24 7 8 16 31 3 33 27 39 18
17 2 1 36 18 1 29 20 23 31 16 25 39 5 16 7 9 31
9 37 38 28 26 34 32 15 4 4
8 2 22 28 20 13 16 9 9
9 22 10 36 16 18 11 35 8 0
9 10 21 31 32 37 2 25 34 29
22 22 5 19 21 34 12 22 28 11 4 39 17 26 33 18 6 24 23 29 15 15 17
11 0 15 9 31 4 13 31 0 37 3 23
36 36 15 3 29 37 11 19 29 27 15 32 38 7 12 2 1 11 13 33 23 17 24 34 30 20 18 10 32 12 23 6 23 15 11 29 8
28 6 14 26 20 38 19 30 20 9 36 9 27 2 31 1 11 8 30 23 31 28 29 36 30 0 28 32 7
30 14 17 36 19 37 21 5 1 18 16 0 35 5 16 14 11 19 21 19 22 26 16 21 34 10 24 31 39 11 23
5 19 13 31 15 3
23 11 38 27 17 15 36 20 21 31 33 25 23 36 29 36 7 16 35 1 24 32 22 19
4 0 30 39 26
18 19 10 14 1 19 2 9 1 0 39 39 37 31 21 1 7 18 24
25 30 23 29 14 20 16 4 30 1 27 15 12 4 5 18 24 24 14 14 36 0 9 6 7 1
15 17 24 7 36 30 20 10 38 14 12 7 31 3 28 1
4 12 30 18 1
7 18 14 6 14 26 24 22
27 3 15 34 11 4 39 15 17 8 14 1 8 17 24 28 26 16 8 12 3 7 31 13 29 23 3 6
8 34 39 39 4 18 35 10 25
18 16 1 17 20 7 1 32 11 24 35 22 3 25 9 4 17 35 14
5 21 37 30 35 27
29 1 34 15 4 18 4 11 30 34 24 0 15 28 14 19 10 34 29 6 2 35 11 25 10 7 10 33 4 30
1 27
33 39 21 5 6 13 7 33 27 22 36 4 24 5 29 18 29 12 15 4 26 20 12 20 8 1 0 10 38 10 38 17 8 39
9 33 28 4 33 4 27 29 15 2
33 35 2 8 11 3 38 20 10 5 9 26 28 38 6 13 31 10 9 19 29 2 18 25 35 35 17 36 31 1 36 13 18 38
35 38 23 9 39 22 8 18 22 13 17 30 23 13 34 32 8 9 38 8 13 4 38 6 34 19 23 3 30 13 5 14 31 7 10 31
27 37 32 23 13 1 30 27 5 15 19 34 11 39 16 33 30 5 9 17 6 25 8 14 11 38 31 12
25 13 23 32 14 7 0 0 34 33 27 30 28 20 18 2 12 25 25 33 1 18 15 32 1 36
39 5 12 19 2 9 8 17 39 34 37 13 2 11 33 26 37 8 9 18 22 14 29 33 18 14 13 14 9 14 8 12 33 0 17 14 20 19 12 19
26 7 1 18 29 32 16 25 37 9 8 19 3 30 30 14 13 1 29 0 32 2 38 28 5 8 5
36 19 0 31 22 2 30 30 19 37 14 38 33 25 5 3 13 5 5 7 22 18 8 16 18 4 14 18 0 30 35 11 5 12 10 11 0
19 26 7 11 21 6 39 25 18 9 39 5 18 5 32 16 12 14 31 5
12 12 31 24 36 28 20 15 20 5 12 7 11
15 3 20 16 16 32 13 13 5 1 0 21 6 31 26 20
18 13 32 29 39 25 23 26 19 23 22 33 34 0 0 13 21 27 9
24 15 21 26 25 34 21 29 12 12 6 38 23 0 24 14 25 32 5 12 11 22 15 33 22
35 10 23 8 6 3 6 29 20 16 33 13 31 7 37 18 19 18 0 27 38 34 34 16 20 0 17 14 1 0 7 0 19 38 23 23
1 5
9 19 20 0 38 25 19 7 11 38
10 13 25 39 37 37 36 38 37 20 22
22 36 28 16 35 12 16 9 16 24 20 28 37 25 9 34 37 0 5 17 27 24 21
22 28 19 1 11 8 32 34 21 24 38 17 24 14 10 17 36 37 30 13 27 6 35
10 29 38 30 25 0 16 4 23 37 34
35 17 33 29 29 24 22 3 2 28 11 14 9 15 11 11 4 33 5 31 9 1 5 23 25 4 9 28 17 15 15 1 27 33 25 21
18 13 28 1 35 25 3 10 38 36 13 17 19 21 35 37 31 19 35
17 32 27 26 13 20 20 33 6 26 26 0 23 3 10 3 6 8
30 20 31 4 13 30 7 31 29 36 2 15 12 4 4 2 30 25 18 6 20 39 11 28 33 21 6 18 17 8 4
7 38 35 29 37 31 32 23
34 10 27 11 17 27 25 9 27 33 12 27 6 21 8 19 19 11 17 33 29 6 15 22 33 16 7 21 36 28 11 36 1 3 28
13 0 8 6 2 6 15 8 37 28 21 10 19 5
37 35 12 17 1 6 20 28 24 39 32 13 32 0 19 19 39 9 32 17 38 6 1 15 8 32 13 26 11 37 5 2 27 14 34 25 35 25
13 9 39 22 18 32 9 27 19 37 29 8 30 35
38 23 15 32 5 15 22 19 13 14 33 14 9 34 23 26 5 9 13 32 16 18 14 39 23 21 10 1 36 13 35 8 6 4 8 0 9 17 36
17 6 28 9 20 36 2 10 37 17 31 34 18 7 34 35 11 0
21 34 19 14 5 0 39 10 20 22 9 6 30 34 2 7 18 11 7 27 20 10
20 14 13 10 12 2 22 3 29 36 18 29 24 0 18 33 25 18 15 20 6
28 25 29 8 38 12 29 36 33 16 28 37 10 12 12 27 4 17 25 1 38 15 28 31 34 5 34 24 17
26 20 10 19 26 14 26 11 27 38 0 21 7 7 11 10 8 8 18 14 6 31 34 11 11 2 32
18 37 25 35 12 20 26 39 2 0 29 31 37 1 0 27 1 18 3
33 24 20 19 21 28 8 11 34 0 37 14 19 9 30 16 21 23 28 7 36 3 20 2 23 17 30 19 16 25 16 21 23 35
14 34 28 39 26 13 10 21 22 7 10 30 3 13 33
31 23 32 28 5 21 30 36 22 36 4 6 3 2 14 25 23 39 16 20 0 25 39 37 30 15 1 10 38 5 16 13
26 1 16 17 29 4 20 18 27 39 14 38 31 21 0 18 24 8 2 4 34 15 37 29 4 23 20
5 10 26 36 4 27
18 35 31 9 7 28 10 0 9 33 7 31 13 16 28 23 6 39 34
16 20 15 39 13 6 24 5 27 17 10 38 3 16 6 23 26
1 3
7 2 33 22 25 22 25 8
7 29 14 32 39 20 0 14
5 15 10 39 36 12
21 29 19 15 22 27 30 12 19 12 19 19 30 20 38 17 20 6 31 35 31 16
27 2 19 38 27 29 18 1 4 30 0 2 4 11 11 16 5 23 13 15 0 15 33 36 19 10 34 18
25 12 2 36 21 21 32 22 19 12 12 32 18 14 20 15 29 3 3 9 28 24 7 20 20 11
2 15 37
2 21 17
4 21 15 3 15
21 23 6 12 11 6 12 23 11 31 26 39 39 8 38 24 30 29 29 23 11 31
21 8 31 4 1 25 13 12 29 23 4 28 37 7 13 15 1 22 37 20 20 1
20 22 1 28 4 3 35 12 7 8 16 36 17 35 17 28 31 3 29 17 8
22 12 35 10 27 19 12 0 11 29 36 3 26 33 12 27 14 11 12 21 3 30 33
7 1 26 30 23 38 0 14
22 25 24 38 31 6 26 17 7 21 1 19 26 16 22 0 21 30 24 38 10 10 37
14 32 2 1 34 15 32 35 13 6 0 3 2 2 23
6 2 19 35 28 7 24
35 0 1 3 30 1 36 26 0 19 9 7 23 15 24 23 27 23 33 34 20 23 24 6 18 38 29 38 14 26 9 30 9 16 38 20
23 6 6 5 23 11 30 10 32 32 39 13 33 2 35 33 39 39 12 16 24 31 29 19
11 29 16 32 11 3 31 12 28 35 16 22
32 8 32 24 12 6 5 39 3 29 29 6 18 15 22 3 22 7 14 6 27 33 0 37 10 22 16 35 38 17 0 6 31
7 35 26 12 24 17 27 9
15 5 8 28 22 6 17 37 0 28 21 17 23 30 3 1
31 3 19 12 6 19 15 33 29 4 12 8 15 4 31 19 10 0 25 27 20 34 1 20 28 30 22 22 3 6 14 32
19 32 7 21 9 6 33 16 20 4 15 17 5 17 16 7 28 25 23 39
29 16 37 18 37 30 8 0 7 37 30 21 24 8 11 16 35 21 38 6 15 14 22 38 5 16 11 39 22 18
32 33 25 18 35 17 18 34 1 10 7 20 15 16 39 22 0 4 38 39 34 22 13 9 5 1 7 29 5 24 0 27 14
11 21 2 20 20 21 7 9 21 27 15 29
19 31 22 3 9 34 8 16 36 8 7 3 25 5 38 33 10 31 7 22
25 6 1 15 18 25 8 38 20 13 32 31 7 34 3 22 7 22 32 5 35 2 11 20 2 2
12 12 31 2 12 36 29 30 37 36 36 10 38
11 31 38 22 10 18 12 10 22 12 9 37
6 33 1 10 15 29 32
9 9 16 15 32 35 28 8 11 17
18 20 23 34 37 14 24 22 37 36 21 8 15 29 4 15 14 21 20
32 4 13 26 3 4 30 24 33 2 16 20 9 27 3 34 34 24 23 35 10 36 38 10 33 16 14 31 21 21 9 16 8
13 3 30 20 20 26 23 1 11 9 38 32 21 15
15 7 26 32 16 10 39 28 31 27 6 37 20 34 24 35
37 5 20 39 12 28 24 23 4 31 16 7 36 28 34 39 23 10 11 27 19 24 23 11 27 0 0 27 16 16 18 2 30 38 15 33 22 25
12 13 30 2 11 15 17 13 36 20 24 16 35
15 39 34 26 17 23 35 18 18 35 5 16 3 4 1 13
25 36 6 20 35 2 7 36 39 19 39 21 29 24 11 13 30 21 31 3 35 31 33 26 24 2
39 21 9 14 4 25 21 26 17 37 30 10 18 26 30 1 6 14 15 9 13 25 31 15 8 21 11 25 13 0 20 7 34 16 37 8 0 28 16 7
2 2 18
18 7 9 31 0 13 9 35 4 31 24 9 26 16 35 4 0 35 1
29 27 21 18 35 0 23 23 28 14 15 7 23 16 3 17 39 36 39 7 34 24 5 22 25 31 33 35 9 29
6 35 19 24 12 14 2
39 8 4 10 31 13 15 13 38 8 28 0 39 24 17 32 17 35 3 26 16 20 25 29 15 13 29 9 5 31 19 23 39 36 23 2 19 7 24 25
37 7 26 15 34 21 19 3 18 28 25 0 15 2 0 20 7 19 38 33 10 2 2 29 7 28 21 17 11 21 37 13 23 14 12 38 6 23
4 8 29 18 0
34 26 6 10 30 33 12 35 38 15 1 28 15 20 25 18 38 5 6 18 6 5 38 7 29 30 34 10 39 17 5 39 36 36 22
35 8 15 21 19 11 0 18 7 21 14 22 30 33 16 24 12 37 30 14 18 29 25 3 35 1 7 35 21 14 18 3 19 2 25 13
7 5 26 33 2 21 34 39
16 11 29 33 7 33 32 1 34 16 23 6 24 1 16 18 33
20 19 5 15 30 7 30 29 4 25 22 3 23 13 7 4 34 24 5 15 15
6 34 21 31 16 25 10
29 17 36 39 22 4 22 5 9 15 36 25 20 28 27 20 21 6 29 11 21 16 39 23 8 5 3 32 12 3
