333
26 16 25 18 6 9 0 3 37 24 4 17 12 4 8 21 39 3 17 33 28 39 1 13 15 14 1
29 6 5 7 10 32 11 5 14 7 17 24 38 27 29 23 12 1 12 6 35 23 26 12 37 27 4 21 26 32
21 23 35 39 17 6 0 19 21 3 23 31 10 30 35 3 14 39 31 15 19 3
26 12 39 32 16 8 29 14 18 2 4 33 34 31 22 9 23 37 1 29 9 36 15 8 39 0 16
29 39 39 24 4 26 21 39 8 34 20 3 22 11 34 12 3 2 9 36 9 3 20 37 21 10 6 19 6 27
11 25 15 34 3 20 1 17 31 11 25 29
22 33 16 1 23 5 7 38 0 5 27 22 35 31 23 12 16 3 12 25 10 27 11
26 29 34 20 24 7 21 14 7 19 21 36 32 15 16 23 32 25 21 36 14 13 8 10 34 33 12
17 11 39 9 27 16 37 28 16 28 13 10 39 38 27 26 13 6
17 22 9 20 0 35 26 5 27 26 17 23 26 32 19 39 38 39
26 30 24 33 11 27 26 10 25 5 11 38 30 13 0 6 7 8 38 21 19 32 2 33 35 22 3
20 25 36 7 4 38 34 25 13 8 23 7 27 15 32 37 37 7 31 2 33
20 10 17 5 37 25 9 36 34 6 27 20 9 26 15 22 21 20 18 28 30
23 30 24 1 36 26 8 3 12 18 38 14 10 37 37 21 37 39 9 39 9 32 7 12
27 34 17 35 6 4 10 18 38 21 13 4 1 32 5 37 10 1 9 32 0 35 17 5 4 18 3 32
15 16 28 33 33 0 5 34 5 26 34 27 25 39 34 1
29 30 19 36 0 17 34 11 22 39 32 35 1 21 7 35 5 6 14 26 17 15 15 36 36 35 12 36 9 31
9 31 15 39 29 4 29 20 10 13
34 26 12 32 38 24 36 0 20 30 8 36 22 8 13 16 25 0 20 6 13 38 10 21 33 30 11 1 38 19 17 2 2 26 23
34 27 17 33 29 11 28 7 3 24 26 3 4 3 4 7 8 32 12 17 14 9 30 26 7 0 34 13 3 39 38 35 17 8 27
20 9 24 5 35 38 25 29 10 19 39 23 4 20 25 20 30 37 5 2 22
29 5 39 24 38 5 1 32 22 12 32 14 25 28 34 15 36 21 26 8 14 28 34 1 12 35 27 3 15 22
14 2 31 17 9 13 23 12 9 26 26 37 33 10 37
8 0 16 29 2 33 24 9 12
12 26 7 32 13 25 19 32 31 24 29 14 16
17 4 38 14 10 4 24 0 39 26 1 5 11 28 28 17 31 24
29 2 25 23 27 8 29 8 9 12 2 2 19 36 4 1 32 34 18 9 33 18 32 36 3 9 13 28 34 1
11 21 30 22 2 8 29 27 29 0 21 7
20 28 26 32 16 25 34 27 9 17 4 14 32 9 31 33 34 11 21 14 3
31 38 26 0 27 17 35 39 38 8 31 14 39 27 13 8 8 19 36 23 19 16 29 35 5 2 39 22 9 4 7 13
13 28 37 36 30 23 6 28 1 14 9 17 10 2
35 15 39 13 2 12 33 16 12 7 5 36 23 34 15 13 28 20 17 23 2 15 10 5 29 28 21 1 7 20 30 1 14 39 8 24
2 34 33
22 7 3 5 38 6 33 8 25 10 20 30 38 36 19 34 26 10 8 6 9 12 2
2 12 36
38 18 25 26 32 26 6 31 12 19 17 30 29 4 36 7 39 27 17 36 12 28 10 25 28 14 34 9 2 19 32 6 9 16 3 31 20 33 34
12 31 27 37 24 6 16 11 5 24 19 17 22
13 22 24 12 30 19 27 31 37 18 12 13 29 27
38 32 19 8 31 34 5 39 30 22 12 34 4 28 29 11 7 22 2 21 14 37 16 38 26 9 21 31 27 3 10 38 38 39 13 4 34 24 18
29 1 33 14 3 10 32 30 7 1 38 8 20 36 3 7 19 13 24 27 33 23 34 10 22 12 22 35 6 29
24 2 13 6 27 11 12 13 8 34 19 23 35 29 39 28 3 34 18 22 16 25 22 27 14
18 16 4 4 1 0 1 30 9 32 39 4 1 9 17 27 30 5 3
30 14 28 38 8 10 34 10 3 13 18 33 5 10 29 16 25 37 2 10 22 1 4 34 29 17 21 21 31 29 35
3 13 35 11
38 39 38 9 4 26 30 15 7 35 5 23 23 16 31 15 29 36 29 7 1 11 0 27 15 27 26 35 14 29 37 39 6 0 7 25 25 21 25
26 18 12 32 36 17 6 19 24 3 25 25 1 27 4 13 6 27 35 19 36 12 5 25 38 11 33
32 10 31 30 21 11 38 11 33 6 11 19 30 33 28 17 25 31 22 26 39 37 25 14 27 28 16 2 32 27 35 33 30
6 16 36 31 8 39 13
17 33 12 29 17 4 38 34 22 7 0 26 0 39 0 3 13 29
13 17 18 12 21 1 31 5 26 13 9 19 19 1
18 37 18 17 23 12 30 39 28 6 7 26 1 32 39 37 38 33 9
24 10 24 7 18 33 1 25 10 31 27 29 19 8 22 31 37 27 38 30 18 12 39 14 1
3 38 6 14
12 39 5 29 6 2 7 32 34 4 27 20 3
33 27 21 30 4 36 18 17 9 29 28 26 32 22 20 35 9 19 32 3 36 13 6 8 33 1 37 30 34 20 28 9 27 37
24 20 3 34 18 32 25 35 8 1 39 4 14 4 38 8 7 30 38 4 15 0 20 8 12
2 9 14
37 22 23 3 38 6 20 9 13 23 11 15 0 6 19 12 33 20 17 31 38 34 38 9 0 8 21 16 37 6 18 1 17 33 34 30 36 21
6 11 19 14 18 25 22
26 28 7 26 38 17 0 38 26 20 9 37 17 26 29 21 26 23 18 14 37 16 31 27 8 7 0
19 11 22 22 37 36 17 27 28 27 29 8 21 14 35 0 22 2 8 24
17 8 37 28 19 12 16 25 15 38 6 14 38 30 3 20 4 24
6 11 38 7 2 29 24
25 15 15 21 13 22 31 33 4 27 31 27 39 1 20 38 35 17 38 23 12 28 28 1 33 0
7 5 28 9 39 37 3 3
25 14 38 5 17 20 5 27 34 31 4 14 24 0 37 2 39 38 23 21 16 3 20 21 21 19
33 13 14 6 31 27 28 31 21 37 19 33 8 24 1 29 21 37 32 6 1 37 18 35 11 22 29 39 34 27 32 27 1 7
32 25 3 25 38 11 11 34 15 23 38 38 21 22 26 20 39 25 37 7 18 32 0 23 2 17 21 6 28 30 3 6 34
1 25
38 11 4 24 12 34 12 37 36 25 7 3 24 33 15 37 26 19 35 27 24 39 17 15 39 29 18 10 25 37 37 34 7 35 26 32 39 12 0
26 23 7 31 22 5 13 3 6 10 23 18 17 12 36 21 23 11 11 26 12 8 18 11 3 12 39
14 9 8 38 29 22 1 19 11 11 2 15 30 29 36
21 31 33 1 9 37 18 0 20 15 10 36 21 24 10 6 12 16 39 1 34 14
25 25 20 22 21 29 39 10 0 29 15 0 17 19 13 6 34 19 18 10 4 6 31 8 10 11
30 21 6 30 20 14 13 30 5 5 33 33 1 2 11 13 16 33 22 8 20 30 32 23 22 21 14 15 13 0 32
10 15 30 1 11 20 21 31 31 38 39
39 1 32 9 39 12 9 9 19 8 15 12 34 34 34 7 31 24 7 10 38 22 15 27 23 15 36 9 0 35 12 25 28 22 32 35 12 8 3 25
1 0
5 22 18 3 17 22
35 6 28 35 18 36 26 17 37 27 24 33 0 31 4 7 33 1 24 37 33 39 26 12 30 21 17 10 4 6 24 23 38 29 3 26
20 4 35 32 32 19 25 2 35 35 9 7 33 38 22 10 19 39 13 36 15
6 11 16 23 0 1 0
1 34
15 31 36 36 12 17 35 15 30 14 3 17 15 13 8 13
36 38 21 16 7 25 22 31 0 24 13 20 9 25 21 9 26 38 15 3 25 8 35 10 13 32 1 32 22 29 22 35 7 0 35 35 36
1 28
25 14 14 34 3 34 0 27 37 18 32 24 34 23 18 8 17 3 24 7 37 1 23 23 10 25
1 18
25 34 30 15 1 39 10 32 39 6 34 0 5 28 10 6 15 19 12 4 3 11 14 17 16 30
3 1 37 18
3 26 19 0
20 18 13 6 19 24 34 19 17 8 26 5 10 34 11 30 8 18 2 19 17
30 35 33 21 18 1 26 17 11 31 18 3 18 15 30 36 14 9 29 39 39 29 12 23 21 21 10 4 27 13 1
3 10 37 23
20 33 32 11 33 16 17 13 29 1 14 6 1 18 27 18 38 7 6 10 20
3 37 22 20
16 2 15 39 0 14 18 22 7 32 35 18 7 16 14 27 36
30 31 6 23 35 36 5 36 16 33 15 0 4 39 23 36 36 29 11 22 15 30 9 11 31 8 38 18 33 8 16
8 25 15 0 12 23 10 5 33
2 18 22
31 11 30 9 27 19 17 17 30 26 4 2 8 12 10 5 38 10 29 21 9 23 13 5 29 27 31 30 23 10 38 34
10 0 6 20 8 28 16 32 7 30 4
26 16 18 36 7 30 22 7 35 16 17 13 35 19 33 32 17 35 2 14 5 14 30 34 23 32 16
36 3 8 17 17 3 38 39 16 33 15 4 18 9 34 33 27 22 25 32 24 36 2 33 29 36 2 6 28 11 6 5 3 6 39 33 33
6 30 15 32 5 15 32
15 16 10 7 11 9 32 14 4 11 15 18 9 28 14 33
32 21 27 20 3 36 34 34 35 18 14 16 6 7 33 29 11 21 14 18 37 5 29 32 5 37 14 13 20 0 11 12 15
29 7 9 11 39 34 28 34 4 11 24 17 19 36 39 0 8 13 30 15 35 35 26 21 33 27 22 29 30 20
5 39 15 27 23 8
39 31 1 29 24 9 14 4 36 29 19 23 9 13 13 33 37 2 38 23 39 37 31 11 3 11 22 10 39 1 21 28 5 28 20 35 6 0 4 10
7 34 15 2 24 18 36 23
14 22 4 32 37 30 5 33 18 33 16 22 17 25 9
12 26 27 32 4 39 37 7 31 11 37 6 37
30 15 35 2 7 32 20 39 21 22 1 16 6 0 9 14 31 5 9 22 17 15 39 27 30 30 14 31 31 7 28
38 6 20 22 8 32 0 23 20 30 34 26 28 30 28 22 19 1 3 32 28 16 10 34 34 29 20 13 1 29 30 18 17 13 26 3 15 32 19
22 25 24 1 0 11 12 32 10 25 16 14 16 0 38 8 37 31 15 21 36 5 28
22 33 8 8 29 15 12 2 22 13 36 25 27 16 34 30 39 31 22 15 27 38 13
4 35 0 2 1
27 22 14 38 38 35 19 14 22 28 26 29 6 31 15 32 0 25 6 39 38 25 2 34 6 18 19 22
33 27 26 2 31 31 3 30 25 11 29 22 25 22 35 31 14 5 35 35 35 15 34 23 20 14 31 4 37 16 4 15 14 23
11 19 30 7 30 26 16 2 5 17 29 27
8 10 17 12 6 14 32 27 37
10 15 8 13 30 27 33 9 22 18 25
9 38 30 4 22 10 8 11 28 17
29 32 15 4 0 3 0 39 36 17 9 18 16 0 13 33 18 27 36 6 8 14 5 1 3 19 5 24 3 4
17 15 38 29 26 12 28 13 30 33 28 0 30 28 8 22 34 5
11 30 4 16 15 25 34 2 17 11 28 19
13 15 33 25 38 27 33 22 30 26 29 3 24 5
33 34 3 15 23 26 19 7 20 10 9 14 13 37 2 35 8 14 1 21 1 23 16 31 22 26 19 15 12 6 10 12 6 4
35 29 14 15 10 32 15 20 12 4 27 34 9 17 26 25 23 13 11 7 21 25 33 8 4 36 12 34 29 21 10 13 17 29 3 38
1 26
26 0 39 25 18 27 25 36 14 26 28 36 11 27 14 17 18 18 29 1 1 4 16 6 7 38 39
31 34 37 20 28 14 30 2 38 8 28 8 18 35 35 5 5 13 18 38 28 29 29 16 21 37 6 29 12 32 11 10
3 27 29 6
4 13 29 1 33
5 16 13 20 37 4
34 32 3 25 3 30 16 14 30 7 35 30 25 31 22 32 36 18 27 37 5 20 19 10 6 26 15 39 10 18 19 6 26 9 0
39 29 22 15 28 12 25 30 28 9 35 11 19 2 4 12 28 30 9 1 37 7 28 1 14 32 7 13 28 9 20 29 26 4 7 18 23 7 12 39
4 7 32 5 14
36 28 17 28 12 20 3 34 7 38 32 9 15 2 21 14 4 27 9 3 6 26 7 35 35 2 16 11 17 17 13 17 8 30 6 31 26
5 33 16 32 9 36
16 19 26 36 23 2 0 20 14 39 5 33 20 0 8 22 10
30 26 26 35 13 28 18 2 8 6 6 32 17 15 24 16 34 35 1 0 17 30 31 1 2 7 2 34 2 37 11
28 2 1 2 8 2 17 31 29 25 1 34 25 22 24 39 17 10 0 15 3 14 35 22 12 7 22 7 15
6 33 31 31 29 21 34
30 24 2 16 15 2 37 27 12 16 26 9 25 25 27 19 8 34 37 0 18 38 38 22 22 1 32 25 23 39 1
33 20 14 10 15 0 38 24 35 32 9 3 30 34 10 13 22 27 31 24 2 0 12 39 4 27 32 31 6 10 6 35 11 23
17 37 37 29 24 9 7 22 23 26 26 33 23 35 4 2 17 17
13 19 25 8 36 34 35 24 17 16 19 34 30 38
23 31 14 32 33 9 25 38 36 27 31 31 34 36 30 17 26 30 27 24 38 26 23 37
1 38
29 23 22 9 10 37 16 26 13 21 30 0 24 37 37 13 7 23 28 15 20 2 13 27 23 31 26 20 3 38
9 2 20 35 24 21 10 22 4 9
4 1 13 12 2
28 31 13 14 32 4 6 6 36 29 18 21 21 11 34 5 36 14 15 26 3 25 17 14 30 22 6 18 2
34 13 25 33 24 35 7 8 24 32 7 26 30 39 6 38 31 1 18 18 28 15 2 24 20 19 27 35 0 34 22 36 13 20 2
2 0 28
12 13 17 0 19 21 15 26 8 25 22 2 32
34 32 16 22 35 25 0 1 10 9 9 25 17 31 19 16 6 22 13 3 29 10 3 9 36 9 26 38 37 18 25 32 1 0 8
2 11 27
28 25 15 28 28 24 28 3 21 22 1 2 23 18 35 4 3 34 16 6 25 35 33 33 39 16 13 16 23
34 37 21 35 33 22 24 15 16 14 4 4 31 11 38 37 14 5 34 37 1 32 16 10 11 3 24 35 10 34 38 9 29 15 1
7 2 20 36 22 37 25 24
29 32 24 17 24 6 27 27 10 15 14 6 32 31 28 30 15 17 36 20 37 27 25 28 38 33 19 10 3 5
30 29 30 36 16 21 38 36 0 16 20 16 4 32 32 1 38 11 21 26 34 24 19 17 30 20 32 31 30 1 25
6 2 27 21 39 23 12
25 0 13 26 39 32 7 1 25 6 25 31 10 37 19 33 1 13 24 22 2 29 31 25 29 27
28 12 21 20 29 13 20 31 27 18 0 6 2 15 38 19 2 29 14 17 38 37 33 39 6 15 31 36 15
1 20
14 38 25 25 33 39 1 31 28 19 18 17 27 2 5
38 23 20 25 38 8 11 22 24 33 3 21 0 1 28 12 5 33 30 27 0 25 24 11 7 15 27 5 26 10 35 23 32 23 39 7 14 33 18
6 8 4 33 3 20 34
6 38 28 27 7 16 31
20 10 8 28 6 5 13 23 2 37 20 26 3 16 31 36 2 6 31 37 14
39 9 0 4 25 12 15 19 4 4 16 33 8 28 9 28 34 38 31 3 33 20 34 17 0 15 8 27 19 12 37 30 27 27 28 12 21 11 3 22
36 10 30 28 20 25 28 13 26 3 9 14 5 38 29 13 31 7 20 0 21 13 16 20 34 37 26 29 11 25 8 25 13 24 6 25 18
25 6 35 6 22 12 25 7 22 16 1 39 21 38 21 18 21 12 31 29 15 11 1 37 10 34
11 21 34 25 3 15 25 26 21 28 27 20
3 2 34 9
29 9 20 26 33 2 27 4 5 10 23 20 26 30 5 4 27 16 22 12 35 6 25 35 3 21 9 8 25 17
31 32 39 29 30 11 5 22 2 12 19 5 36 33 1 38 10 36 21 31 26 36 31 14 34 26 18 23 35 37 31 24
29 25 6 14 36 32 23 34 31 38 37 25 20 11 17 20 34 6 30 34 24 22 9 8 29 13 13 17 7 3
31 36 21 2 34 24 24 18 21 15 11 13 30 28 35 32 18 23 11 34 20 3 29 38 34 0 17 8 27 6 34 26
9 24 31 34 27 11 37 32 19 18
10 3 26 18 0 29 15 15 36 34 18
18 35 7 23 5 31 1 33 37 2 36 32 12 35 36 18 20 10 7
24 11 18 26 3 30 0 1 25 23 24 6 35 13 4 10 28 9 0 29 21 5 3 12 11
7 39 31 20 21 20 15 14
7 8 32 26 4 28 0 21
39 27 26 12 2 14 11 24 1 21 37 27 37 28 4 14 9 8 37 27 36 24 9 0 35 7 26 33 28 20 15 22 2 19 5 17 7 7 35 0
15 14 25 13 17 26 19 25 8 26 11 24 26 29 13 13
30 24 3 36 31 13 22 10 35 25 19 9 26 10 0 35 34 0 31 9 31 37 16 14 22 3 2 38 27 32 36
17 0 16 18 23 27 38 38 37 0 37 26 19 3 39 16 8 12
20 39 19 13 21 1 11 17 27 8 23 23 3 9 28 39 33 34 16 25 33
34 19 8 12 31 30 19 21 22 35 3 12 27 2 6 32 36 4 22 29 36 14 21 7 23 16 37 16 17 15 2 15 33 32 3
20 33 33 25 25 11 27 16 1 29 29 18 13 36 19 27 38 28 21 33 33
14 27 18 27 18 8 8 25 10 11 33 7 32 19 25
8 19 20 32 21 33 2 23 18
17 3 13 13 7 3 36 18 36 28 31 15 23 7 20 24 35 9
13 17 26 34 35 2 28 21 13 0 26 15 0 30
18 26 2 11 25 16 12 39 35 13 5 5 25 6 9 39 23 1 1
39 38 38 12 21 7 17 39 36 12 1 12 19 36 30 1 34 36 22 18 24 19 2 25 13 26 6 21 20 26 25 29 22 35 37 0 7 35 3 36
24 34 35 15 13 16 34 34 18 29 37 22 37 19 13 0 15 9 38 24 29 15 36 0 24
6 30 7 32 32 0 28
20 1 2 30 28 32 25 14 25 18 13 6 7 0 7 35 12 19 28 33 29
28 24 7 6 0 24 32 18 0 33 18 37 3 23 10 25 31 8 26 24 32 36 4 30 2 12 1 21 30
29 9 33 38 0 34 10 19 8 18 35 24 30 13 14 36 10 9 34 15 37 5 22 4 4 3 6 9 39 22
3 12 19 24
2 10 17
28 29 35 3 18 8 11 10 7 27 38 28 2 34 26 39 11 16 4 35 1 26 2 24 1 12 25 3 19
6 7 2 16 33 23 39
14 22 22 19 7 17 16 31 20 7 7 9 30 3 24
6 32 24 8 0 1 18
20 4 31 37 24 7 14 6 29 29 32 1 30 4 5 23 27 25 16 3 25
13 12 13 11 12 39 31 18 38 38 35 18 12 33
1 4
10 10 28 22 14 17 23 29 35 32 2
13 20 38 29 6 13 0 17 22 10 7 21 18 34
32 28 7 33 33 7 34 2 27 17 16 20 31 24 9 18 32 32 26 28 2 18 24 31 38 13 39 2 19 34 27 11 37
18 9 21 26 28 11 14 29 17 3 36 19 7 34 34 26 32 16 25
14 31 13 8 36 33 39 2 3 18 3 35 32 27 26
36 14 38 17 18 22 17 2 18 23 17 30 6 34 21 16 19 3 4 4 37 29 4 36 33 12 14 13 23 24 13 38 15 11 37 34 8
15 30 3 24 27 1 36 13 14 5 30 9 8 32 8 36
33 10 4 5 28 24 19 5 15 37 38 6 18 23 18 32 2 36 14 0 37 25 22 29 0 20 20 30 23 32 1 27 9 34
3 17 4 25
31 13 14 26 6 16 22 19 31 16 7 20 22 1 38 6 14 7 33 30 17 19 4 15 30 2 34 6 7 14 28 10
18 3 22 38 17 0 28 25 17 19 35 27 9 9 1 38 22 29 13
24 0 20 16 36 29 14 23 18 25 1 12 26 38 29 7 39 37 0 34 8 16 35 28 39
29 20 21 11 37 8 29 28 8 8 7 1 2 1 30 11 1 26 34 20 6 16 28 2 11 23 20 14 24 14
35 26 39 21 16 37 34 7 34 30 3 24 33 18 32 14 20 19 24 28 15 20 7 24 9 35 0 19 28 31 6 37 27 0 22 33
37 23 11 39 26 35 28 15 2 0 28 37 11 6 28 16 27 16 32 39 0 11 14 34 25 26 10 24 34 5 11 28 38 29 21 21 24 26
21 30 28 37 7 21 30 13 28 28 39 25 3 9 34 29 13 30 32 14 6 36
28 5 4 9 2 8 24 32 39 17 36 21 14 34 27 11 19 28 24 36 35 23 12 7 24 21 10 5 9
9 27 14 32 1 8 18 0 24 18
4 34 39 7 39
5 22 35 22 28 5
4 7 22 3 32
35 1 26 0 9 1 19 29 3 9 9 31 6 32 1 34 17 14 3 11 0 3 7 32 6 1 21 33 20 27 20 1 25 30 31 22
36 24 12 19 25 13 16 0 27 34 36 39 25 8 26 29 20 18 7 14 30 0 8 37 1 18 13 31 9 3 14 27 28 39 30 25 35
30 27 1 24 19 35 0 26 15 30 8 38 11 37 37 14 12 17 33 3 21 1 7 11 2 29 23 20 34 3 29
22 29 38 11 1 1 25 27 19 21 29 6 12 8 8 33 18 2 32 17 25 19 16
17 35 32 18 12 8 28 26 32 7 27 37 16 8 28 26 13 11
7 20 19 36 12 22 18 35
14 29 30 19 21 4 32 20 36 16 12 39 37 32 23
23 20 11 5 35 17 14 17 1 32 32 23 38 10 25 10 19 16 34 30 35 11 6 32
18 30 1 32 20 22 23 11 23 17 30 26 33 22 12 9 17 17 14
38 37 34 18 16 32 3 27 21 6 22 8 14 30 13 0 36 14 22 27 34 32 38 16 11 26 4 35 6 10 19 17 35 22 16 26 29 5 1
3 20 2 38
5 11 30 9 32 35
29 6 3 4 29 25 16 29 14 0 37 4 0 22 35 7 27 5 0 23 38 9 13 8 4 14 36 29 16 11
10 14 10 37 31 35 17 38 1 22 17
16 16 1 12 20 11 38 0 7 6 24 35 1 37 1 21 6
35 14 10 36 19 26 7 8 11 23 31 39 5 32 36 36 18 10 12 13 25 34 13 11 33 22 2 1 18 1 7 27 28 20 16 3
36 12 38 8 7 20 18 12 9 36 17 39 0 27 3 27 26 1 1 15 14 1 39 21 37 38 34 28 10 38 1 18 19 9 9 17 31
33 11 23 21 39 0 33 28 19 10 16 9 21 39 24 37 18 25 29 29 19 25 0 21 15 32 18 29 26 1 7 10 30 4
12 18 34 22 31 21 4 18 9 32 24 19 11
11 8 3 9 35 38 29 37 17 11 22 35
16 5 8 5 28 3 30 15 8 9 2 32 38 22 38 14 3
17 17 35 37 33 26 21 17 15 35 4 0 18 0 11 38 26 36
2 38 19
30 32 15 36 25 2 29 5 28 37 35 9 33 33 26 38 36 27 0 23 4 7 39 26 10 12 30 3 32 31 14
32 37 13 36 30 13 11 17 5 36 19 5 21 15 32 5 28 36 37 12 18 28 18 3 30 26 33 6 10 35 18 31 30
31 2 24 39 17 22 14 27 11 32 29 29 18 38 18 17 12 13 19 27 10 11 8 14 24 16 33 33 35 34 18 29
37 33 31 4 6 28 33 30 1 14 22 3 0 5 16 36 34 26 11 29 16 6 35 13 10 22 3 36 31 33 26 18 9 22 1 2 18 17
34 12 31 22 14 33 36 20 37 27 14 19 12 19 17 4 27 24 13 28 23 8 28 13 32 30 30 34 31 32 4 4 19 20 25
12 1 34 10 31 31 25 7 1 10 34 17 37
4 6 21 12 3
32 10 39 38 20 21 36 33 28 6 30 13 20 1 33 20 13 13 33 21 29 30 1 1 19 38 8 20 35 22 3 12 35
22 16 17 9 21 3 0 31 10 33 38 8 21 39 23 29 10 39 36 9 25 25 19
16 32 34 16 37 29 0 24 30 25 11 34 21 23 11 16 18
34 25 39 20 11 25 20 6 31 9 22 31 14 19 10 38 31 21 34 0 37 5 6 36 34 34 21 7 18 31 6 28 32 10 29
35 19 23 27 35 22 9 23 26 5 24 23 0 9 21 13 21 32 6 1 30 27 7 6 15 1 32 33 8 21 3 15 0 38 7 16
12 19 19 19 19 32 24 3 5 3 5 31 1
33 28 24 28 14 31 2 32 39 17 12 0 35 29 36 30 18 19 7 12 37 32 12 5 13 12 21 29 8 34 29 34 5 17
29 23 0 21 8 27 34 4 25 34 2 11 34 27 22 17 10 3 19 20 34 14 21 13 39 11 15 34 26 18
28 14 15 14 27 20 11 1 4 7 23 29 24 14 2 16 14 37 26 16 11 21 10 20 2 17 13 29 39
28 35 14 19 12 18 12 10 26 19 12 3 39 37 36 35 16 8 23 17 21 25 20 20 14 6 36 34 27
12 18 14 28 27 15 38 21 16 3 3 22 16
2 13 5
16 12 9 25 32 38 14 24 0 0 22 34 0 21 8 20 1
5 26 20 8 16 33
19 11 27 15 26 6 15 11 32 33 36 35 6 31 35 15 36 20 28 31
34 27 38 7 35 20 3 39 12 34 20 11 12 29 38 17 2 35 10 27 38 35 21 6 17 1 32 38 31 28 2 9 16 14 19
8 23 5 9 19 25 20 7 39
39 26 31 8 7 1 9 1 10 8 29 22 9 32 24 39 20 18 24 39 20 34 35 14 9 12 27 1 9 27 4 2 28 18 26 34 26 2 6 26
14 37 6 18 7 24 8 39 14 8 28 14 0 24 3
8 23 26 8 27 17 13 27 39
37 7 32 15 37 4 0 13 2 11 11 11 2 33 30 20 26 2 36 15 3 36 36 36 19 29 22 8 22 10 23 3 5 27 8 1 4 13
35 14 25 8 36 22 39 26 27 10 32 26 35 39 20 1 30 17 9 4 4 12 9 22 13 36 21 11 4 20 39 13 1 25 13 12
5 32 7 29 20 8
3 12 34 11
34 34 18 5 11 7 29 4 35 8 38 9 3 11 28 19 8 7 24 35 39 9 14 38 5 24 14 31 35 18 20 37 28 29 3
13 7 14 36 38 4 13 5 36 12 20 27 1 10
3 29 10 27
8 13 20 29 10 16 22 11 26
19 38 30 10 6 31 2 31 12 6 10 27 36 18 1 3 0 23 31 20
27 24 31 27 20 29 20 8 1 16 18 14 15 37 28 16 30 13 2 24 26 36 10 16 24 26 22 21
4 10 38 21 26
12 3 27 37 1 3 12 37 28 19 16 20 16
38 11 17 35 10 22 35 13 30 35 37 12 2 38 18 36 1 4 9 34 10 20 27 15 20 19 17 32 17 3 23 12 6 29 3 7 8 17 11
3 22 39 24
15 39 11 14 38 38 34 27 3 34 36 36 35 18 35 12
37 3 30 7 5 30 39 28 14 26 34 19 32 34 19 34 3 4 2 33 29 27 26 20 24 34 24 32 37 9 14 17 32 4 6 6 30 39
16 16 14 10 26 15 39 8 5 7 34 38 17 13 22 38 10
32 19 10 21 11 4 33 24 6 18 25 3 10 27 29 26 0 4 10 31 36 20 1 6 20 0 34 37 17 2 3 19 12
8 9 20 28 1 31 10 31 22
9 17 0 8 33 23 5 30 10 19
14 22 24 15 35 19 24 18 36 8 10 2 11 7 23
23 6 0 35 33 30 6 24 36 4 25 36 39 33 4 14 39 8 1 29 29 20 17 39
38 23 12 21 3 33 26 17 2 33 3 23 29 5 24 30 39 14 38 25 35 13 5 17 27 19 31 26 33 13 15 36 23 27 32 19 29 39 1
12 28 12 18 8 38 31 17 3 33 1 14 1
19 0 33 17 20 20 6 3 13 23 34 20 27 18 0 34 11 31 5 9
31 25 38 15 7 12 19 36 9 17 30 12 32 21 7 10 9 7 24 6 9 36 17 32 9 21 27 16 20 29 2 2
12 18 28 22 5 19 2 10 0 20 21 29 13
38 3 24 38 33 36 35 6 20 28 20 39 34 15 15 9 24 36 17 32 29 36 9 23 30 17 38 33 1 14 21 14 24 34 3 32 6 35 39
18 7 27 20 36 4 27 26 20 21 15 17 10 24 29 1 30 31 13
7 34 21 27 26 8 34 20
5 14 9 8 38 35
21 19 33 12 2 5 10 35 11 15 17 7 35 18 25 24 10 25 36 17 32 23
2 6 17
11 2 22 23 32 34 7 1 15 11 20 3
8 33 32 39 14 30 24 1 13
21 36 31 32 31 4 16 19 14 4 5 18 9 23 18 38 4 10 37 19 38 12
6 3 30 33 37 21 28
13 9 8 24 6 30 31 21 24 16 20 19 29 14
8 10 32 6 31 2 12 5 20
13 4 33 38 19 36 21 26 22 35 32 30 16 3
33 29 8 37 0 24 17 24 39 3 9 32 6 29 0 4 3 19 39 20 20 15 13 32 19 24 10 3 29 6 30 8 7 23
31 24 7 30 0 29 31 34 0 39 5 37 14 12 38 2 7 5 4 19 35 28 33 31 21 2 31 2 13 37 10 14
31 10 32 24 9 30 14 21 29 33 10 5 4 6 8 37 38 3 32 1 26 18 16 22 16 18 6 3 26 3 5 14
19 21 36 39 9 24 18 10 18 27 24 26 3 26 26 18 9 0 14 34
2 26 22
27 31 24 11 11 1 29 31 7 35 33 32 5 23 34 39 2 33 19 32 33 37 8 23 37 14 20 13
