740
39 32 33 53 65 6 55 39 4 67 33 40 28 19 41 65 47 48 72 48 64 78 5 34 32 20 49 30 36 28 37 60 76 57 4 35 23 0 45 23
25 63 8 69 67 57 39 9 8 64 16 19 19 38 61 34 25 52 60 57 26 40 46 72 53 62
34 2 46 24 13 63 70 5 25 49 72 15 54 8 75 51 61 50 9 63 51 41 43 33 53 35 49 59 69 35 33 43 13 29 68
42 24 51 41 6 77 35 50 54 71 67 18 49 65 63 74 67 6 57 47 5 21 66 3 28 74 67 36 69 6 45 65 79 33 23 49 74 47 46 77 59 13 33
35 0 49 69 9 12 43 71 27 21 62 73 37 18 21 78 55 59 1 44 18 57 78 40 4 54 31 75 37 33 3 2 65 73 34 73
70 4 30 43 2 79 30 51 4 23 26 15 27 44 42 44 6 28 17 43 78 78 72 6 15 32 0 9 28 46 71 77 27 52 47 18 42 19 67 67 33 38 30 37 12 49 56 71 27 16 7 38 8 0 77 33 77 36 8 25 55 48 59 68 37 15 24 59 27 71 62
58 49 19 67 42 2 54 76 8 36 54 26 10 36 17 7 10 18 5 63 54 19 8 1 39 29 67 8 48 11 49 14 35 12 5 3 6 58 54 5 61 53 45 66 22 14 35 12 39 33 48 42 55 30 77 51 79 51 22
21 58 32 22 6 54 53 50 29 16 27 28 53 77 63 22 41 56 8 2 27 58
47 61 66 59 60 29 63 40 59 26 33 20 78 50 26 14 70 29 73 73 38 7 63 17 57 35 19 7 63 0 33 78 33 44 59 79 18 7 12 11 59 79 62 73 29 55 53 77
62 19 6 47 21 79 48 28 34 23 24 57 0 68 9 76 43 62 41 75 7 26 61 38 74 34 31 69 44 26 31 21 65 35 18 48 17 73 64 22 10 64 14 54 26 63 2 37 69 36 13 77 33 22 74 35 46 70 2 33 55 12 0
72 48 51 62 79 0 11 46 38 57 75 38 56 0 31 26 49 8 17 4 68 67 25 77 36 33 73 49 59 33 18 52 52 35 49 18 50 42 5 25 79 47 28 35 54 10 78 41 10 6 20 5 4 79 42 17 35 43 72 30 50 60 55 14 52 42 42 52 32 1 16 43 64
55 56 0 37 62 58 66 8 41 79 53 62 9 5 41 51 3 65 47 5 6 18 8 66 41 46 6 49 77 25 50 43 69 18 77 59 63 4 37 60 51 44 51 9 71 66 22 71 59 23 35 35 3 22 4 3
75 6 67 67 28 6 70 1 24 3 79 73 49 74 37 79 29 72 15 30 44 68 3 29 6 1 9 12 36 6 50 40 73 53 71 5 76 66 15 38 11 63 37 75 9 32 75 14 74 10 46 6 25 13 60 44 71 63 63 37 21 37 22 36 49 33 50 49 44 39 31 56 47 67 33 34
23 23 27 20 74 70 70 22 67 8 32 13 51 27 9 11 69 61 34 6 44 2 57 37
57 2 2 11 79 28 34 54 1 1 8 70 65 36 63 17 31 13 31 61 28 71 2 38 73 64 79 6 55 71 53 37 78 23 27 25 58 3 18 28 43 1 12 54 0 2 4 11 65 20 0 7 16 36 57 14 1 57
61 32 62 43 38 5 7 33 65 49 75 47 0 24 61 61 48 72 64 11 63 8 19 77 57 30 40 4 61 44 65 71 67 58 35 64 41 45 43 38 46 60 28 79 21 63 3 34 68 0 45 10 31 24 28 47 35 0 27 35 71 35
48 32 60 16 3 46 66 71 45 18 50 66 10 25 4 7 52 50 45 19 64 15 55 73 28 58 34 46 12 55 42 22 75 61 40 64 56 35 5 58 78 10 76 52 6 31 72 26 18
12 38 66 70 37 78 57 68 65 21 54 64 73
37 42 76 2 3 74 38 29 33 28 71 62 39 4 50 61 21 35 50 73 26 76 59 19 54 78 10 19 23 63 57 26 8 21 70 3 61 35
56 76 57 66 23 13 75 59 33 51 48 38 42 35 17 24 69 70 2 65 79 45 42 69 36 1 17 55 50 52 49 16 49 4 36 18 6 43 41 35 78 27 36 0 45 32 4 3 36 67 72 61 39 7 25 70 50
47 68 68 51 74 76 71 12 41 79 8 77 76 43 7 77 40 59 11 22 25 73 16 5 41 52 36 56 60 42 34 57 67 26 45 75 55 31 11 52 56 46 33 53 38 41 3 27
45 37 43 39 53 76 36 37 56 21 46 75 76 64 44 51 45 79 5 12 12 79 16 73 74 55 1 43 42 74 69 67 57 8 52 60 42 38 54 18 78 30 7 13 45 36
14 76 36 14 64 47 21 8 8 45 79 69 13 29 76
6 56 26 4 76 27 54
45 56 28 63 60 62 17 18 59 76 6 27 45 78 40 57 79 51 22 35 36 39 26 71 3 29 25 45 77 55 69 36 9 74 32 27 30 36 0 69 67 10 75 26 67 14
2 42 48
30 40 17 41 30 29 57 23 79 4 30 58 30 68 0 32 57 66 13 71 70 30 37 58 14 4 38 52 43 61 38
39 11 41 24 32 5 31 65 1 18 16 72 65 48 38 38 35 28 71 52 24 56 5 6 26 79 58 12 49 56 13 41 18 48 2 70 59 55 49 28
74 22 40 66 19 75 72 20 58 65 16 55 23 34 2 5 73 60 50 34 10 38 57 70 22 30 77 21 10 70 33 5 2 30 66 65 27 0 9 50 21 31 44 49 9 20 25 78 4 74 63 72 12 28 20 79 38 34 78 23 63 48 44 52 3 54 64 61 35 4 52 16 37 59 18
71 63 66 71 28 33 40 57 18 0 66 43 8 7 66 5 37 17 16 42 73 54 11 62 41 76 40 32 8 9 5 66 53 25 75 37 5 23 52 36 45 23 70 71 32 35 55 31 77 32 51 75 6 50 9 76 29 50 18 39 8 67 79 30 76 54 60 70 70 64 52 59
13 58 37 43 8 11 75 6 56 18 22 37 39 76
62 72 6 52 68 61 68 77 76 78 60 41 78 44 67 27 13 66 45 62 71 27 5 67 13 17 53 7 26 72 43 72 16 66 26 79 39 57 2 11 31 14 70 21 49 58 9 78 52 5 59 2 28 28 52 22 78 76 48 3 49 67 71
17 78 78 14 67 45 14 62 57 55 35 10 0 70 20 43 3 23
50 36 8 50 41 0 10 51 10 41 67 34 10 40 16 27 42 38 19 31 2 51 68 32 69 49 54 67 13 46 7 76 15 24 20 34 62 40 73 42 14 19 16 46 50 51 55 18 45 36 28
28 53 72 55 45 58 11 11 53 70 75 22 10 61 43 21 53 32 44 64 37 22 25 2 30 52 56 56 41
13 70 56 6 29 2 25 11 62 19 11 65 10 23
20 25 4 46 54 5 76 5 66 64 67 32 72 62 37 32 72 78 70 8 50
35 22 72 46 33 59 79 60 57 14 78 54 27 9 51 73 31 35 52 37 27 17 45 75 60 66 35 71 58 47 53 38 42 72 51 30
7 73 35 41 4 20 70 35
36 25 45 77 33 34 46 51 18 56 36 48 52 54 3 63 71 73 21 3 7 70 54 50 9 55 45 37 54 65 64 46 62 37 11 2 76
56 11 6 46 3 2 29 54 54 21 66 68 14 19 2 31 47 36 50 28 67 38 64 72 16 0 41 24 31 76 26 29 60 35 20 60 61 59 3 8 62 0 64 70 18 8 62 40 72 60 24 0 32 59 3 15 60
60 45 43 35 38 36 23 2 2 31 9 39 78 76 48 10 12 52 29 52 48 11 60 21 56 24 49 61 71 40 47 43 30 66 48 38 10 63 8 6 8 65 66 51 53 17 51 26 27 54 40 23 71 66 51 8 9 53 10 23 23
79 30 53 62 78 62 20 70 0 26 62 32 3 50 52 22 2 70 42 45 40 19 43 72 75 16 68 79 37 30 8 75 4 60 55 5 42 15 70 30 38 23 6 22 25 43 1 33 19 44 3 58 51 28 55 49 75 39 23 8 14 35 28 6 46 23 51 76 65 39 40 22 48 6 21 18 29 61 68 4
56 79 43 7 60 76 68 77 45 62 2 41 75 19 57 33 3 3 48 55 17 67 78 47 2 61 35 64 42 14 19 65 26 29 17 8 49 36 57 0 0 6 20 24 15 47 1 28 73 46 12 31 23 50 1 16 39
53 35 45 49 45 49 36 41 45 0 10 25 21 7 47 77 45 27 4 57 41 66 73 20 70 59 14 63 55 48 56 71 34 59 68 78 8 66 61 33 42 54 71 64 37 19 3 58 20 19 20 72 50 32
79 74 36 10 44 23 66 25 21 60 34 2 55 36 34 61 75 11 11 67 70 14 29 23 69 12 57 35 6 59 75 31 43 39 54 56 54 50 55 12 42 34 59 6 30 43 4 23 78 49 24 40 47 29 60 17 78 22 4 42 31 27 50 17 75 72 45 38 57 74 76 72 41 55 11 52 40 66 58 36
59 48 51 37 26 19 31 38 65 41 33 48 70 51 41 26 23 4 25 67 9 17 62 37 63 39 25 44 64 60 66 21 14 21 30 21 76 38 39 5 37 62 55 24 2 23 37 10 49 69 54 74 42 4 13 76 34 68 36 25
43 59 25 17 6 64 34 56 24 55 47 20 44 8 31 75 73 38 28 64 26 42 44 39 11 37 50 8 72 14 49 49 5 10 69 17 71 35 2 3 64 61 12 47
54 38 77 12 30 2 7 76 27 42 73 49 33 55 72 40 7 58 53 65 66 21 43 14 58 65 25 35 15 7 21 26 5 53 10 64 4 79 53 25 61 20 79 0 27 25 67 30 2 79 39 57 24 22 31
32 52 74 15 54 27 68 61 57 22 59 0 52 57 39 10 77 43 73 52 11 60 2 23 33 0 3 60 48 34 19 61 56
59 8 26 63 66 62 51 2 32 50 12 36 3 69 33 0 78 56 40 65 12 60 66 67 34 18 25 36 44 64 42 56 19 38 19 4 24 62 12 12 32 29 31 76 7 49 24 30 20 37 31 67 31 53 70 50 49 44 20 23
61 42 65 23 21 24 18 67 78 27 13 59 69 16 29 45 52 75 68 6 68 62 45 3 4 64 23 50 49 40 10 18 44 47 4 57 21 65 47 15 24 77 44 57 14 27 15 5 56 25 27 32 59 28 66 32 63 78 0 76 33 53
31 13 16 44 38 54 48 73 79 49 3 60 1 28 19 12 57 60 65 54 58 23 79 42 78 71 70 22 48 3 64 64
45 36 21 77 33 3 7 56 19 39 61 56 12 69 16 35 16 43 76 68 74 67 55 36 66 59 51 66 58 52 32 79 14 55 18 43 60 70 43 31 19 79 20 14 61 15
19 13 30 3 65 66 2 75 37 22 70 51 58 75 54 72 38 77 25 8
62 17 73 29 50 38 49 56 2 14 59 68 18 25 5 48 45 64 0 31 45 14 35 20 54 29 68 26 72 26 50 24 29 74 75 17 11 56 58 29 7 32 42 71 27 70 32 47 75 18 18 17 25 51 31 66 27 28 37 50 53 26 59
18 15 77 51 45 59 29 74 35 39 22 50 7 54 32 2 76 73 77
14 29 8 30 8 66 56 17 34 21 59 10 57 51 11
60 74 39 60 22 66 3 17 33 67 49 32 73 1 68 33 70 79 36 40 49 31 23 11 34 5 76 26 30 14 49 66 27 58 47 26 52 58 67 57 62 24 18 41 3 8 8 1 76 15 20 29 1 56 21 56 66 6 75 55 72
69 58 63 60 1 6 64 11 43 12 68 47 51 47 64 79 18 0 11 1 13 30 65 71 39 70 69 61 38 2 34 14 4 17 77 26 34 24 58 27 79 28 1 19 0 56 42 68 20 46 59 33 78 71 27 75 54 65 38 49 32 78 45 72 67 38 37 9 77 6
7 15 57 18 7 0 39 68
11 47 64 31 9 6 43 22 69 56 72 60
39 20 39 53 50 33 73 10 78 7 5 76 54 71 54 59 19 34 61 34 31 65 21 9 7 8 71 62 19 39 36 48 58 61 4 7 15 52 72 49
11 64 61 54 59 41 29 78 27 75 22 39
40 26 77 15 58 69 41 6 54 38 76 75 27 47 41 68 31 3 66 68 68 47 33 2 72 75 16 52 73 14 19 8 76 54 37 18 63 29 54 2 12
56 19 68 24 34 41 0 19 47 67 25 54 41 64 41 14 79 21 55 59 3 76 15 25 52 72 69 72 70 43 66 38 44 70 72 38 70 44 50 10 14 61 76 53 50 75 67 43 44 15 25 63 72 16 24 10 12
26 32 13 3 22 66 28 36 35 40 18 21 55 26 11 42 11 41 75 6 2 41 29 13 44 76 71
29 58 9 5 7 65 66 7 55 15 20 69 2 62 13 0 66 27 77 70 65 31 19 36 72 27 66 32 38 17
19 56 46 8 34 27 44 26 71 34 4 67 34 0 47 0 10 21 2 20
57 27 42 65 52 38 1 2 28 60 70 12 1 16 2 66 65 1 50 41 25 34 47 2 38 24 68 17 68 49 46 79 54 48 75 46 43 44 31 33 74 67 34 61 26 57 2 6 73 9 18 17 4 5 55 67 62 46
38 6 15 33 53 46 74 44 49 58 47 0 53 47 19 19 31 38 45 36 21 73 34 3 56 63 20 1 4 66 36 47 48 48 53 43 22 37 77
26 64 4 79 28 44 74 11 29 71 8 6 48 23 15 20 37 72 17 36 67 26 53 8 44 77 54
53 24 19 4 58 51 31 53 9 20 6 25 55 45 7 5 38 55 20 59 36 7 56 65 71 49 46 68 11 14 58 16 18 75 63 43 72 52 57 66 46 75 49 8 72 20 52 50 36 11 46 36 46 75
40 6 66 8 41 72 50 32 25 15 68 78 52 78 19 21 75 68 45 78 24 57 3 17 66 60 10 74 62 21 13 42 42 37 51 44 32 38 18 8 5
73 8 41 62 21 77 68 31 67 77 44 39 20 9 68 10 34 2 36 22 73 60 44 51 56 33 28 66 67 0 42 16 24 42 16 2 66 10 12 22 41 20 38 1 0 20 19 61 35 43 57 16 72 41 63 22 64 70 44 35 21 49 21 71 41 55 19 26 32 48 6 10 60 39
47 15 74 78 15 27 20 32 73 35 6 63 79 45 36 65 76 5 17 26 41 26 33 12 56 24 15 58 25 45 52 15 37 19 50 5 8 11 19 77 36 38 49 57 28 4 36 66
70 10 0 22 49 58 37 69 37 1 9 47 5 41 63 28 67 54 25 76 54 3 57 18 1 43 65 24 30 54 35 45 4 62 7 41 45 43 76 72 36 72 0 46 47 60 47 74 75 52 18 37 50 10 73 4 38 13 29 8 77 57 24 52 15 43 67 62 56 37 14
63 17 45 75 8 45 71 13 10 43 60 44 62 65 8 67 77 44 53 59 31 72 56 5 0 27 25 50 61 68 42 37 53 16 62 8 31 26 17 8 73 65 10 62 48 30 5 22 44 35 25 73 47 7 72 9 5 64 5 60 26 24 47 0
6 69 69 55 52 0 31
72 50 12 31 17 3 78 51 61 3 26 31 28 30 49 44 55 57 18 57 21 57 43 75 13 9 77 68 66 22 56 21 5 1 77 26 76 29 65 19 30 38 40 0 5 8 35 22 38 76 66 43 50 0 52 8 7 25 42 55 15 66 31 11 77 27 63 48 0 9 64 76 50
24 32 54 19 78 23 37 76 54 46 42 67 78 42 77 56 52 6 77 13 32 40 32 67 73
43 69 3 30 39 77 70 7 78 42 45 78 18 48 26 72 30 64 30 71 16 1 15 46 68 72 40 39 35 62 78 45 52 56 5 15 35 26 54 38 24 78 74 52
59 1 23 45 68 5 73 69 55 38 15 41 21 5 20 47 8 65 76 35 21 58 15 79 52 7 50 32 40 79 13 49 6 20 19 56 4 70 55 42 35 7 3 43 67 6 76 4 12 22 46 13 58 61 29 54 46 25 58 13
50 13 16 35 56 14 11 75 10 66 15 47 56 28 15 54 18 7 18 16 2 44 30 36 42 8 11 31 34 71 63 44 30 36 79 13 52 42 47 48 43 25 19 56 61 36 52 68 36 16 69
55 49 68 66 20 50 52 50 50 46 41 39 66 2 64 32 67 7 40 48 37 13 57 64 15 19 20 20 31 37 77 54 53 68 68 36 73 11 10 56 20 33 60 18 73 54 71 25 55 5 1 1 48 54 14 64
65 46 46 35 20 56 12 71 29 65 27 40 76 58 6 52 41 45 37 37 44 78 73 48 68 79 15 48 20 58 7 75 44 14 42 17 8 1 66 39 27 43 30 37 35 24 62 55 68 49 3 16 71 18 16 33 1 35 19 6 53 53 0 25 34 59
2 66 22
25 73 49 14 0 23 19 27 32 32 12 54 60 74 26 63 9 65 59 38 65 74 38 71 60 16
79 25 53 64 69 0 2 12 49 59 23 37 4 15 11 11 27 60 28 79 72 15 57 20 9 71 10 15 32 41 31 9 26 51 76 10 0 70 39 23 57 33 49 67 72 47 65 22 64 48 19 70 37 70 7 66 2 66 43 35 66 22 76 62 34 47 69 9 16 29 9 52 4 17 27 26 28 5 20 62
63 34 3 53 6 12 58 6 3 25 1 54 2 26 8 59 60 13 18 2 66 78 56 25 34 55 58 6 28 18 44 29 77 15 38 38 41 69 39 6 61 14 8 1 38 56 2 51 21 58 65 74 43 59 35 29 61 26 46 77 34 2 61 49
51 24 14 62 31 38 29 31 41 18 16 19 58 36 70 35 25 62 58 79 17 72 26 25 65 71 78 54 72 62 59 10 47 57 51 2 11 62 41 63 32 52 3 39 39 32 30 44 70 62 70 5
9 62 10 32 16 75 25 24 26 6
65 7 15 65 25 59 17 41 13 8 21 36 7 36 65 12 65 4 69 42 14 63 15 2 26 5 62 41 72 36 72 55 10 27 45 50 21 2 55 45 63 2 2 17 6 31 39 18 9 61 71 73 19 49 6 34 34 9 62 11 37 7 52 13 78 79
32 27 11 13 61 61 52 49 7 26 64 17 58 14 20 30 15 7 13 21 62 37 5 46 48 79 32 9 41 29 42 25 17
49 72 15 57 50 40 75 37 78 59 5 23 6 46 48 34 49 11 47 7 69 45 48 56 19 37 21 73 18 20 31 46 41 15 13 75 53 64 8 39 63 42 19 79 9 32 34 16 69 21
43 63 51 64 75 68 35 26 3 18 28 59 35 75 7 63 28 58 53 4 47 48 69 71 73 17 18 64 45 69 16 40 72 38 78 11 50 74 46 37 38 8 64 15
59 76 37 40 1 4 50 19 4 40 19 33 42 47 64 3 47 15 67 20 28 42 29 54 13 39 1 60 19 42 29 45 55 74 61 3 72 54 10 8 53 36 20 38 41 49 45 66 40 3 22 29 45 40 66 61 52 10 66 34
9 33 28 17 52 7 57 9 52 29
7 63 68 40 71 59 75 73
56 44 50 35 75 67 75 79 41 49 66 59 2 16 4 47 21 15 15 58 69 11 28 13 3 68 66 65 54 47 31 9 32 16 37 37 65 49 15 31 72 59 59 2 13 60 46 50 47 48 33 44 63 70 0 5 21
8 76 65 12 33 76 22 37 54
70 28 0 78 66 33 52 36 5 46 71 61 3 74 76 36 18 14 8 0 27 29 30 66 22 11 16 61 13 36 8 7 44 77 22 67 12 47 2 15 2 59 66 8 63 11 54 64 17 59 22 12 3 50 59 3 20 28 23 46 59 47 56 22 70 5 41 13 46 20 51
51 75 43 36 20 75 56 23 9 26 79 49 67 71 17 46 34 51 65 79 15 76 5 51 34 68 49 73 23 39 76 15 43 25 29 7 66 73 32 64 39 57 3 11 79 18 38 74 70 65 39 35
2 76 55
33 76 76 77 5 12 38 48 55 24 38 18 4 34 16 13 77 36 56 64 52 52 76 36 78 10 46 41 33 1 29 66 4 38
62 65 74 69 26 25 44 46 34 72 52 79 30 65 53 71 15 47 61 46 49 76 32 44 34 66 47 24 32 77 71 56 34 70 50 58 47 76 16 79 8 27 26 72 35 20 56 18 13 57 40 62 53 54 58 52 73 5 16 30 41 51 32
72 28 7 45 72 22 40 74 77 14 49 79 38 48 60 19 2 63 51 52 71 13 63 68 76 20 63 55 77 29 57 49 34 65 75 70 36 13 60 73 8 76 78 34 24 60 14 16 25 76 52 62 76 12 31 10 3 30 54 67 3 54 53 38 0 20 3 78 65 42 26 66 49
16 60 50 1 53 9 60 27 54 8 67 20 79 50 79 44 23
77 20 34 71 48 10 38 8 70 39 75 12 8 71 44 54 37 65 18 14 47 46 8 52 61 38 70 14 74 23 25 0 35 12 5 24 27 31 0 49 62 60 47 34 7 13 67 13 16 49 56 57 68 48 74 14 73 75 36 67 75 71 38 24 37 72 78 24 47 3 65 23 68 52 66 34 54 52
73 67 52 34 70 13 32 69 37 0 26 11 19 72 27 70 17 5 52 20 66 74 48 43 19 17 73 4 57 34 10 58 75 11 2 15 76 13 75 28 6 29 28 30 28 7 41 12 4 9 13 33 26 58 65 21 12 77 78 4 15 44 19 34 58 35 77 52 4 25 40 42 76 32
58 36 53 4 65 18 43 75 59 59 31 11 51 59 76 69 61 75 44 41 37 66 8 68 14 42 73 3 45 33 23 58 68 45 28 46 51 75 37 29 57 68 41 7 42 47 70 44 47 20 50 37 43 56 60 60 22 56 5
76 52 34 1 66 25 18 16 73 67 77 24 49 72 62 19 33 75 40 76 45 42 61 68 14 69 50 79 4 69 32 22 74 44 14 2 0 66 46 42 76 49 75 12 34 20 16 25 48 61 19 72 7 24 42 59 29 14 1 12 75 45 50 8 72 27 18 78 0 54 48 62 54 13 4 27 41
46 18 11 48 5 74 25 66 2 14 66 72 65 47 14 19 70 79 69 64 33 47 76 13 25 78 38 25 12 56 50 59 35 70 22 33 54 40 67 25 70 11 43 27 10 34 52
9 44 21 36 40 11 52 35 29 69
18 65 22 9 31 56 45 73 62 44 24 27 6 64 3 76 13 67 44
53 2 0 78 63 19 71 51 76 70 34 36 23 63 13 50 51 39 54 71 72 0 20 18 58 23 67 42 73 29 50 74 79 76 43 41 41 3 2 49 23 48 31 34 77 77 56 37 46 46 75 73 28 13
54 13 36 20 15 3 10 27 7 45 5 46 8 17 16 69 40 51 15 11 0 5 54 17 74 4 50 21 67 9 79 35 35 21 36 67 37 46 77 7 51 72 5 24 75 0 79 12 3 6 19 45 0 31 71
61 47 69 73 16 79 19 71 48 44 51 22 13 27 36 67 5 70 59 42 74 74 73 55 79 66 4 68 56 53 28 74 48 47 64 69 3 3 29 42 64 63 3 56 37 12 54 21 71 12 58 56 23 52 59 67 13 16 63 32 57 71
11 75 33 45 3 37 5 53 71 8 54 47
24 38 65 3 58 73 52 23 28 52 64 61 4 58 24 39 32 74 79 14 73 44 58 6 77
65 37 56 57 45 45 67 9 61 7 38 22 50 47 72 36 61 72 59 36 72 7 79 69 12 7 2 74 32 34 79 13 8 39 32 69 46 71 63 24 41 39 67 68 12 70 20 37 21 16 77 10 54 20 65 56 30 43 46 74 59 66 60 76 31 46
14 14 37 19 11 24 72 67 77 56 74 77 54 0 6
68 64 77 35 11 25 39 18 32 11 2 43 5 74 78 45 52 58 4 63 62 18 52 2 24 75 42 48 33 21 38 39 22 12 45 33 50 11 39 31 55 22 7 74 74 43 15 38 12 40 2 51 60 42 65 56 11 54 26 63 56 41 28 42 39 46 74 31 71
75 32 33 68 79 40 20 14 74 47 61 48 39 42 66 55 40 31 63 49 17 7 21 70 37 4 22 58 44 43 39 35 73 77 47 40 41 73 50 54 56 30 74 16 73 53 69 5 63 2 30 39 55 43 19 16 71 42 65 37 36 1 60 34 26 22 60 68 4 42 60 67 70 69 52 23
77 29 40 39 1 70 47 51 60 68 71 57 56 44 31 75 14 32 49 17 76 9 51 67 78 57 47 22 36 33 5 56 71 36 61 22 53 36 34 65 19 16 25 60 63 44 0 68 22 50 64 17 8 32 63 6 51 46 21 3 11 57 76 69 45 22 49 21 23 43 0 37 26 45 46 14 65 65
17 52 27 11 73 32 57 47 71 79 51 78 25 77 49 45 52 78
24 42 27 79 62 78 49 44 6 24 79 68 65 1 78 52 40 28 7 24 52 20 51 52 70
42 77 1 22 34 1 77 66 37 55 28 51 77 27 29 29 70 9 60 71 53 47 12 71 20 41 64 34 71 52 65 6 40 25 12 34 75 22 9 6 45 66 54
26 16 66 75 30 42 53 56 79 75 12 58 44 79 43 24 22 64 36 78 44 24 57 68 73 41 34
18 51 30 56 4 1 27 4 12 22 46 51 16 26 9 58 69 13 77
28 9 8 53 23 13 26 58 50 75 11 23 66 10 51 58 72 32 23 67 15 29 46 39 64 72 55 59 44
10 1 43 21 10 34 33 36 21 29 35
41 15 42 7 51 21 45 68 1 6 65 24 49 46 29 73 35 71 0 46 38 33 39 34 44 8 43 35 1 23 12 42 3 28 15 5 74 31 40 79 68 23
58 12 39 76 48 6 71 66 9 65 18 33 23 30 79 8 38 44 37 43 25 33 37 35 50 75 4 11 79 69 1 56 46 7 60 67 76 74 13 42 45 23 14 25 62 13 16 40 8 78 55 39 41 37 41 40 50 13 74
24 76 48 52 40 50 19 48 59 58 7 59 49 15 22 17 26 0 27 3 29 14 41 7 16
44 21 14 44 39 66 51 66 14 12 35 61 76 35 75 44 15 32 16 64 5 63 74 14 9 19 54 24 44 48 50 53 77 40 74 67 55 70 67 68 11 27 30 28 10
17 74 33 19 50 3 71 55 68 44 56 3 45 45 21 13 49 49
22 54 1 63 4 10 7 47 35 43 57 15 46 4 51 55 26 49 65 48 14 5 46
42 11 64 26 23 59 63 26 6 66 4 14 77 35 62 3 11 75 43 43 23 59 6 16 39 74 48 72 12 26 54 28 19 67 34 77 49 15 8 22 66 17 57
65 43 65 31 15 73 31 3 26 43 43 68 78 47 43 71 5 69 53 79 11 50 11 18 36 65 47 21 48 35 66 27 70 32 60 3 79 21 33 21 3 73 44 52 56 73 71 49 63 57 71 37 30 20 76 21 66 61 61 10 40 8 60 40 61 10
76 54 56 76 21 9 77 63 49 72 50 15 33 25 8 56 52 21 39 22 26 48 40 43 52 26 10 66 50 38 52 16 6 8 52 33 19 70 40 15 11 58 39 47 5 29 30 36 28 6 63 64 37 2 41 14 1 57 22 3 14 79 54 9 74 6 4 12 12 67 47 55 39 53 31 70 32
20 73 15 47 39 14 59 48 54 25 47 68 71 9 16 3 32 73 9 19 51
37 27 62 29 41 64 73 11 61 10 41 57 44 78 61 48 65 21 23 55 74 17 69 27 64 44 70 1 73 4 36 79 42 20 18 17 66 55
22 8 14 54 8 42 7 31 39 39 16 40 64 2 73 34 77 63 46 30 59 40 5
38 48 9 1 41 18 61 7 10 22 37 71 3 54 55 20 30 0 1 13 7 79 12 63 4 27 5 18 42 64 51 64 10 17 17 79 74 10 78
27 1 43 48 65 63 70 23 73 76 69 39 49 20 17 12 32 12 17 19 31 2 65 32 36 33 61 58
66 25 34 61 33 44 73 17 64 30 73 34 62 41 35 15 16 63 28 15 19 74 79 65 59 77 46 38 46 43 76 74 35 5 50 32 76 57 30 34 28 14 56 55 57 54 62 68 64 7 74 33 56 2 9 70 15 69 63 76 0 31 6 43 66 46 68
1 8
68 40 57 77 0 65 33 9 32 17 5 2 16 52 43 50 60 56 22 52 53 31 68 79 72 16 29 26 56 51 15 56 58 4 78 50 79 51 4 51 33 61 3 70 26 39 79 18 35 5 1 64 53 4 5 31 79 59 3 20 63 54 18 39 49 18 11 68 30
57 43 73 31 58 52 71 51 23 1 25 70 15 31 14 50 56 25 32 54 23 61 2 55 76 6 50 43 31 4 19 10 47 51 64 5 57 2 4 20 22 22 5 55 5 47 8 62 10 34 6 34 66 66 45 58 61 70
18 67 51 36 17 78 33 6 57 43 18 50 36 73 78 8 2 7 69
78 3 43 9 72 23 19 43 30 5 51 59 42 16 46 55 62 7 55 63 45 19 16 46 57 46 41 18 48 59 20 41 2 31 63 51 59 44 21 23 5 74 21 55 15 28 36 62 42 8 52 50 25 23 49 37 2 72 1 59 41 1 11 10 5 36 23 35 27 6 54 37 13 18 72 66 26 14 71
4 34 56 41 72
43 72 4 40 1 17 1 27 42 65 47 0 12 21 23 38 77 68 32 5 11 68 13 27 51 72 34 63 40 9 16 1 4 65 26 73 68 60 56 66 53 65 24 7
64 21 35 63 64 6 67 28 33 27 32 70 72 69 0 55 18 60 66 13 27 15 60 7 46 10 27 33 18 72 13 10 27 33 45 61 24 32 12 56 75 24 62 2 26 61 56 49 57 62 58 46 66 5 51 79 2 1 58 0 41 47 4 71 5
14 68 4 28 39 17 36 23 7 3 30 27 41 40 54
33 18 71 58 44 27 21 38 64 62 5 68 40 27 57 13 71 37 70 79 48 71 73 13 60 34 19 0 37 71 60 19 16 58
54 64 30 38 58 61 33 7 51 54 6 50 57 61 64 20 67 48 64 39 17 72 42 52 18 79 58 67 36 75 15 59 64 60 69 25 26 37 56 44 1 42 47 76 40 67 5 29 50 22 53 41 68 55 24
3 9 57 28
1 3
14 38 8 79 47 0 66 19 54 36 50 49 32 23 51
35 33 29 6 39 26 20 69 73 54 23 11 66 38 23 14 78 56 21 33 6 53 73 13 42 22 63 11 44 53 21 66 49 21 2 78
24 61 76 33 30 11 74 69 4 71 34 6 74 53 50 23 9 57 64 15 65 69 21 43 60
45 65 8 19 52 38 20 46 19 25 76 67 65 47 76 79 72 25 73 51 4 33 42 26 23 16 18 54 18 65 17 0 11 62 44 63 29 18 7 4 5 61 79 16 25 22
64 72 24 66 6 37 35 62 68 51 29 19 32 54 13 61 3 79 61 43 53 13 29 25 46 59 21 44 71 58 38 16 64 74 23 38 14 31 11 38 3 42 78 50 60 6 25 31 17 62 28 52 4 41 50 8 79 38 42 54 66 63 17 27 78
35 69 61 76 67 74 73 52 3 59 39 76 2 30 64 3 24 43 10 65 76 58 2 44 7 27 63 25 79 11 40 27 56 9 26 56
13 3 55 64 4 52 50 75 48 78 73 21 26 49
19 25 33 53 3 45 57 66 16 57 26 23 13 63 40 74 10 31 20 60
50 2 37 72 75 25 39 49 56 54 78 21 69 69 77 26 50 12 26 48 37 0 33 7 40 24 45 72 15 63 43 27 52 17 14 7 50 19 47 75 73 14 29 51 21 61 45 39 31 75 51
69 32 30 21 21 38 47 69 43 30 65 49 71 63 74 60 15 53 40 15 20 11 68 8 79 31 4 48 69 42 15 72 66 14 53 50 43 58 20 73 56 0 72 56 50 54 40 54 11 74 65 43 21 63 1 41 27 30 72 48 40 41 49 47 20 38 77 35 54 75
71 74 59 41 74 45 13 37 51 49 11 8 1 5 23 17 28 8 76 29 15 44 22 19 8 78 5 26 20 78 31 29 37 67 40 27 34 46 72 59 64 22 9 23 65 9 57 46 78 58 20 19 5 40 60 18 77 73 8 37 23 27 62 18 12 41 49 9 73 66 19 22
46 71 78 71 16 41 69 52 55 32 19 30 7 64 48 7 16 51 42 3 68 31 10 3 46 11 5 58 19 13 41 76 12 2 12 42 36 48 39 53 58 62 50 36 38 35 75
37 66 34 63 28 61 47 50 64 49 65 75 26 28 67 60 58 41 23 76 45 49 2 11 49 58 56 14 68 56 27 55 63 2 47 52 73 24
28 25 78 15 55 71 11 23 29 43 73 67 76 41 48 74 54 77 42 63 39 29 72 36 26 23 23 44 67
4 28 38 32 9
74 23 59 25 12 27 13 14 26 45 47 28 62 43 69 35 25 11 7 48 6 31 10 56 17 58 74 16 70 42 66 29 41 24 8 39 67 74 19 43 26 17 66 21 30 63 11 56 57 26 31 25 55 23 35 27 43 40 26 21 36 71 61 43 4 22 14 50 47 15 45 64 46 27 10
71 24 8 16 11 35 54 29 38 38 24 52 56 64 20 18 62 46 32 0 74 30 44 70 2 7 21 31 77 24 54 9 9 79 14 21 68 20 6 6 67 78 7 8 42 67 12 67 18 8 14 21 52 30 72 63 3 72 13 77 32 29 52 29 38 79 59 55 26 61 22 9
43 12 42 43 57 54 43 3 18 75 36 52 45 25 16 40 65 20 11 65 9 42 28 45 51 52 42 48 64 35 11 57 23 63 78 17 0 54 41 68 28 33 74 30
16 79 18 77 75 47 42 2 4 75 70 69 73 28 34 77 52
36 29 19 36 32 6 56 36 66 51 46 33 54 55 41 5 17 16 72 15 26 25 38 2 37 4 57 73 38 79 64 58 13 12 28 63 57
51 52 16 54 21 17 29 24 32 42 9 78 79 79 39 59 12 26 54 49 39 0 57 19 40 68 34 51 25 48 78 0 49 66 39 13 31 72 45 8 57 12 18 69 47 60 37 59 4 53 70 63
58 13 14 24 47 69 12 49 20 5 51 10 25 21 19 9 56 48 2 2 15 44 11 39 21 45 70 72 3 10 51 79 3 46 76 53 29 31 67 57 60 8 15 71 0 19 18 53 36 57 2 0 19 9 22 30 11 62 35
54 34 51 13 17 44 15 26 77 70 22 60 28 1 78 4 77 65 43 47 65 10 39 63 25 13 3 37 23 5 8 4 10 41 64 47 45 48 11 40 16 34 8 1 68 70 9 22 39 50 19 44 13 14 56
76 18 23 28 56 37 4 35 64 74 4 59 16 63 72 10 21 55 7 10 36 70 50 51 22 71 14 2 20 34 48 24 62 2 78 72 36 76 77 72 21 15 40 33 61 40 16 24 4 43 33 40 36 1 0 5 54 5 30 38 64 1 31 67 67 8 42 43 23 74 55 12 49 40 37 28 59
64 42 55 59 60 4 25 66 18 13 65 59 20 56 38 0 26 49 0 68 70 72 39 29 20 46 38 59 75 52 51 57 31 40 60 45 43 37 72 74 18 53 7 32 17 44 78 5 70 69 41 35 1 58 14 24 71 77 13 65 20 69 64 21 55
40 36 0 66 57 37 22 68 11 10 67 60 55 8 0 48 75 28 30 73 61 35 41 46 47 22 1 0 9 14 15 18 39 20 37 77 34 51 36 55 46
8 47 41 59 71 58 54 4 62
9 74 2 50 58 49 32 11 5 41
19 45 71 11 50 61 28 6 17 78 51 44 44 70 75 79 38 11 46 32
9 35 3 42 57 31 29 21 26 68
57 41 0 54 63 21 4 3 54 45 76 31 59 40 64 58 67 79 3 53 62 41 72 75 50 71 14 52 41 14 3 5 57 44 54 63 75 67 23 29 7 20 52 14 64 69 23 59 12 52 15 57 16 20 50 1 63 11
46 64 38 70 11 35 59 68 64 53 47 77 33 58 25 9 25 39 26 44 69 76 55 40 32 20 75 5 77 34 5 66 3 6 40 75 57 57 73 33 22 68 34 23 51 49 6
10 77 71 12 52 73 15 38 62 23 43
63 46 22 51 51 63 56 36 0 60 17 74 11 17 54 3 19 77 60 10 35 58 31 64 44 43 78 31 2 16 57 46 52 62 5 14 66 49 8 44 63 49 61 22 45 2 43 73 54 6 66 42 66 10 70 19 17 19 45 64 55 60 59 5
15 77 44 20 59 30 20 39 15 7 8 44 50 18 45 0
59 75 77 38 60 2 43 66 11 25 67 23 4 43 35 56 52 68 3 36 26 68 78 24 61 7 16 40 28 11 59 70 22 39 28 65 32 26 71 71 47 49 54 34 70 74 68 50 13 69 55 62 1 77 22 66 1 17 39 28
11 39 17 43 37 73 26 4 31 25 28 41
69 33 9 45 9 31 5 7 7 34 62 11 34 77 7 67 11 53 50 71 28 33 54 26 65 73 50 22 6 45 45 42 71 35 23 66 71 27 13 36 35 66 32 46 62 17 6 77 13 24 21 79 10 51 68 41 59 34 41 67 16 77 6 21 60 1 31 17 71 78
30 76 71 34 24 40 57 67 30 64 37 13 43 56 9 79 12 10 40 0 20 18 15 22 23 6 28 23 44 48 75
22 47 77 56 13 68 33 75 23 59 56 73 35 5 43 38 21 29 15 58 33 17 16
6 21 9 0 49 19 68
52 58 27 7 65 13 11 26 44 19 7 66 27 49 41 14 57 78 62 8 56 24 25 57 26 51 42 66 46 67 75 56 34 34 37 44 26 66 26 36 40 52 71 29 76 55 34 68 57 0 20 31 52
61 27 19 73 2 20 32 49 56 19 63 68 11 77 16 22 31 38 51 10 72 17 29 48 62 47 63 44 77 10 20 43 5 66 4 65 58 15 16 32 0 33 31 32 49 45 63 26 1 22 63 74 37 33 32 33 41 54 60 63 27 54
79 60 16 39 37 38 68 36 34 70 3 39 66 51 63 47 11 14 39 0 56 77 33 10 30 55 72 71 49 77 68 7 62 44 16 74 9 61 14 22 44 46 2 3 41 42 64 33 52 25 52 23 29 31 31 65 30 44 55 56 32 64 55 63 3 63 15 38 20 3 52 18 23 62 31 72 45 77 8 75
4 48 36 60 68
1 16
35 44 43 48 43 62 73 79 5 51 76 72 34 19 35 44 75 58 78 14 7 22 64 11 5 30 20 20 23 54 48 6 53 13 46 78
35 77 9 65 52 73 33 47 2 41 44 9 68 39 26 43 61 59 72 66 10 70 45 13 30 19 48 1 52 55 9 29 63 47 23 63
1 79
76 28 0 30 17 53 43 6 44 43 34 64 64 75 49 28 34 44 49 46 61 10 71 42 49 33 53 17 68 71 18 69 11 57 78 79 37 30 56 40 60 8 12 6 40 69 18 78 64 20 58 35 33 49 36 1 50 41 72 35 22 23 36 56 24 4 72 77 56 25 24 56 50 63 41 64 74
11 30 33 6 42 13 13 71 8 9 6 11
74 5 77 29 66 37 42 19 13 31 23 64 57 5 54 75 51 16 7 19 72 26 65 67 78 69 78 77 12 79 11 27 77 24 53 8 59 75 21 40 20 62 58 56 12 46 75 49 57 42 37 32 24 26 22 25 29 67 29 64 69 3 57 33 54 39 57 6 7 53 68 24 35 26 65
54 62 15 78 27 74 76 22 57 16 67 57 4 21 14 53 0 50 54 55 17 3 12 49 21 48 37 39 68 29 39 33 38 1 17 24 23 51 24 25 19 5 72 58 73 64 47 28 69 18 50 63 1 41 9
3 51 24 50
33 26 23 69 11 31 52 49 41 38 47 1 71 48 50 31 27 6 55 37 45 64 27 55 79 75 0 57 1 70 71 7 3 64
77 50 31 45 58 56 70 41 25 4 63 35 20 72 43 15 45 43 43 10 6 45 19 39 31 50 27 58 30 62 52 59 46 24 58 6 69 12 8 1 50 52 39 47 36 33 75 49 19 10 44 68 17 19 21 1 73 53 51 26 78 0 76 23 48 48 66 64 20 12 26 35 17 78 39 41 70 66
53 15 9 62 50 30 44 49 20 36 29 49 41 59 34 71 15 12 65 25 3 40 47 39 66 25 52 17 14 26 27 64 63 77 73 56 61 71 21 42 39 26 58 21 1 38 22 69 3 34 59 11 32 63
6 62 55 28 6 75 28
8 16 34 38 59 75 4 4 53
78 53 12 59 54 79 17 58 46 36 55 8 17 71 32 8 69 46 57 74 61 57 79 42 40 16 38 9 1 52 58 44 32 13 50 46 76 53 65 11 75 26 70 69 65 77 63 29 4 70 29 31 75 28 49 74 32 65 37 5 11 52 36 0 16 14 7 26 23 1 28 65 53 50 30 6 44 76 57
22 1 56 23 19 8 66 36 36 2 34 43 7 64 79 10 68 0 59 7 26 34 58
59 35 44 58 35 1 44 62 4 57 69 32 32 69 19 70 18 30 15 58 9 8 39 65 32 41 9 64 4 1 17 4 47 50 28 44 46 54 73 7 25 69 60 57 71 11 70 19 65 17 35 29 77 2 77 70 76 53 22 45
27 16 4 28 78 55 51 74 70 46 17 42 49 54 47 9 6 64 36 2 24 0 17 0 43 41 73 72
42 16 61 36 14 16 23 3 39 55 69 74 47 4 21 74 24 77 22 78 29 73 48 35 8 41 22 56 44 13 64 57 49 22 29 70 22 76 34 12 59 60 45
44 53 76 44 23 4 34 73 24 21 52 58 70 22 65 22 68 4 48 74 21 65 12 60 14 63 16 64 45 72 3 52 27 71 5 77 3 38 68 1 27 25 32 8 2
58 77 68 77 55 48 74 49 35 58 48 79 63 4 3 4 6 51 17 60 17 77 14 32 20 57 21 10 20 69 40 28 53 63 62 65 9 6 38 74 33 38 20 4 76 35 79 40 29 2 63 14 36 40 46 30 57 69 28
14 77 49 60 20 3 20 39 21 75 54 0 14 8 39
42 9 64 16 76 64 38 28 57 10 50 65 40 14 48 16 48 5 17 47 5 75 41 43 69 74 55 69 43 28 35 21 56 70 36 41 11 42 40 37 5 78 66
16 5 15 51 26 39 19 0 11 34 58 1 16 68 79 21 73
37 30 21 45 63 58 51 70 39 22 76 15 3 68 34 32 38 54 9 25 31 19 66 48 45 16 30 72 55 51 4 66 56 19 52 28 66 26
74 3 31 37 42 28 46 29 11 25 60 45 18 73 67 43 76 58 40 79 9 78 74 62 2 11 30 76 3 11 11 46 3 54 46 61 18 1 12 70 9 27 4 50 49 65 8 60 29 56 32 78 47 67 75 11 45 29 40 66 53 26 63 34 4 38 66 16 60 22 21 14 4 64 31
23 77 53 62 12 43 53 42 73 76 61 37 23 41 65 6 59 79 16 29 78 30 56 63
52 29 74 49 8 35 69 14 44 65 7 34 60 16 16 50 41 72 31 76 51 53 60 6 32 9 3 40 68 69 62 63 34 8 27 12 79 69 51 17 64 79 23 48 46 58 59 72 29 61 55 37 78
1 28
77 44 11 16 37 0 71 26 5 38 16 25 48 31 26 22 4 53 12 13 10 7 52 8 23 17 44 30 28 54 30 79 70 20 20 41 14 63 8 38 64 43 71 69 45 49 40 42 0 17 6 53 53 45 25 54 33 32 11 8 1 74 68 77 71 18 57 37 1 10 63 4 11 71 56 68 37 49
13 3 45 20 7 11 71 30 4 35 70 22 39 28
71 53 37 75 52 47 51 56 8 55 4 51 6 9 3 2 2 16 15 40 65 48 23 36 72 70 14 41 25 77 64 40 13 66 33 73 30 23 8 16 59 76 2 25 35 77 63 37 9 51 31 12 26 19 44 38 11 51 40 45 62 75 74 1 75 27 61 51 29 24 3 36
11 37 24 28 72 42 63 51 70 29 31 78
1 69
31 15 70 11 79 13 58 58 54 37 4 51 30 16 65 31 66 78 70 21 73 79 2 57 71 75 16 71 64 8 56 48
12 57 30 42 17 40 68 22 23 15 27 0 3
64 69 75 65 10 33 29 16 42 33 51 75 30 57 7 34 51 2 38 25 22 12 76 32 72 16 69 62 13 30 19 58 1 39 58 12 30 45 18 46 8 75 16 24 53 77 20 51 13 56 38 79 52 25 61 78 64 17 54 72 53 75 2 14 70
28 27 48 65 19 36 24 38 7 56 63 7 8 21 55 78 0 8 46 54 75 17 14 38 60 73 43 44 56
18 51 11 38 36 67 36 51 38 26 6 12 73 10 26 43 24 78 65
29 0 10 14 77 43 4 15 73 3 14 74 4 63 23 58 42 67 13 20 59 31 34 19 28 21 75 66 9 19
79 63 63 13 48 7 58 66 39 43 53 66 5 1 44 7 47 77 34 25 73 27 39 37 24 26 5 35 78 64 62 67 27 71 60 17 9 57 73 72 36 19 16 64 63 75 46 13 57 51 18 44 60 77 14 11 47 46 19 46 15 30 1 24 71 26 24 74 61 74 39 26 13 24 62 68 54 39 50 64
58 8 55 23 21 71 60 44 60 20 74 16 35 29 53 58 43 24 53 29 33 10 11 55 10 6 15 25 18 45 79 52 39 19 19 34 16 19 53 11 3 46 35 53 43 9 73 79 33 64 6 6 13 70 34 41 21 26 78
25 8 40 67 15 30 11 73 59 37 0 50 22 27 68 9 27 24 47 58 58 66 58 49 61 68
12 12 1 33 37 58 74 51 31 70 45 65 28
25 50 43 27 56 7 52 15 77 65 34 14 51 16 4 12 57 58 49 36 75 73 31 22 73 6
34 21 70 0 33 36 34 63 55 37 60 0 46 8 67 25 7 23 33 71 28 34 40 30 46 25 26 3 7 38 59 2 13 18 24
43 62 7 19 22 40 31 71 14 71 43 33 72 52 25 40 21 56 54 10 2 22 36 77 34 20 66 60 27 63 79 61 13 59 3 12 72 49 54 14 76 79 71 53
12 66 20 26 77 12 19 42 65 24 35 40 9
63 44 71 11 8 39 60 55 14 27 79 48 4 27 35 78 45 44 2 75 36 30 12 60 46 39 2 62 14 11 54 36 64 61 63 33 69 56 11 40 39 55 37 78 59 58 20 0 54 20 8 74 37 65 31 23 32 28 14 62 2 70 56 67
50 36 11 34 27 31 28 25 52 73 1 69 29 4 7 3 8 76 11 19 13 22 43 74 38 28 74 31 24 69 42 31 29 35 4 75 49 59 66 8 66 10 59 15 11 32 58 61 74 32 22
9 53 64 5 49 31 68 42 55 6
1 8
36 73 35 48 17 28 30 6 14 6 42 49 67 48 59 19 48 51 66 53 74 35 47 6 44 41 21 11 74 49 46 57 63 9 36 29 1
45 77 57 56 24 71 10 39 2 53 17 61 15 26 43 31 10 21 32 26 17 39 78 78 19 8 48 68 48 35 53 33 28 42 57 78 65 69 21 31 25 28 78 7 47 9
60 31 26 48 18 12 21 67 2 47 63 26 74 38 71 49 9 13 15 29 27 8 26 38 39 50 35 20 71 37 24 21 8 8 19 29 30 52 58 74 3 74 17 54 19 2 33 33 49 56 69 48 38 75 16 50 10 17 74 69 41
11 24 49 38 43 60 70 34 79 74 28 74
19 42 3 76 21 52 27 26 12 60 52 40 73 72 67 27 73 42 77 17
46 27 63 23 17 38 63 63 61 17 22 23 40 28 48 32 8 32 55 61 48 10 27 64 65 75 50 3 64 16 65 45 31 14 10 26 6 7 1 43 38 26 55 4 4 47 67
54 49 15 19 53 66 44 21 17 36 6 41 21 16 63 70 31 53 62 12 52 15 71 28 50 55 33 35 43 18 28 7 78 5 40 73 14 60 72 65 39 4 68 28 4 48 38 76 17 4 68 75 41 33 77
15 16 33 1 6 25 33 65 46 74 68 18 25 10 43 55
8 22 29 2 73 63 11 31 23
35 39 5 44 48 61 27 47 74 23 13 74 13 25 7 43 21 19 25 63 0 7 23 70 64 37 15 21 0 75 42 64 61 12 51 43
70 79 50 49 68 78 36 24 46 76 0 56 69 27 17 62 11 43 60 15 71 65 74 62 27 4 75 11 63 61 72 44 75 74 48 79 1 34 29 19 14 26 30 76 11 21 8 56 70 55 45 9 59 14 39 78 66 75 21 9 43 66 41 42 14 16 65 75 28 48 42
78 65 15 44 41 53 55 34 14 47 34 16 67 61 3 28 18 5 3 9 26 42 52 39 25 70 46 78 16 65 29 6 30 46 42 27 25 57 58 48 14 38 25 45 76 62 7 12 78 5 7 37 2 8 43 39 57 59 11 48 13 62 25 60 56 0 42 1 10 57 30 5 69 71 73 2 64 6 41
35 11 5 6 23 42 71 58 40 6 79 27 35 9 0 64 35 34 21 72 79 53 57 48 17 61 74 42 52 46 11 0 41 43 39 75
49 66 64 42 10 34 23 64 53 41 34 60 29 79 78 58 33 2 56 71 69 21 69 65 56 77 79 71 1 61 60 2 42 31 25 48 60 16 33 31 35 43 0 2 43 51 27 10 4 57
29 16 39 31 72 33 62 4 63 3 51 36 70 0 78 50 59 0 68 28 29 19 49 48 48 26 16 47 66 71
14 38 21 50 56 19 57 52 55 1 19 40 43 36 71
64 27 49 5 53 30 17 0 22 76 36 21 29 25 53 74 51 67 73 11 39 47 30 77 64 73 69 72 29 50 55 31 49 55 72 63 36 33 57 29 23 70 41 5 49 0 60 23 58 2 65 45 24 23 0 11 72 67 70 24 10 36 19 70 27
27 64 17 11 72 29 7 21 19 4 39 54 2 25 62 65 42 79 24 52 24 17 17 73 45 47 56 19
26 12 17 53 39 28 29 3 63 66 10 48 65 30 76 75 23 35 36 11 63 61 72 56 77 64 7
45 33 28 9 2 20 28 68 63 42 9 71 30 45 38 46 57 7 34 40 35 0 11 22 52 49 55 69 27 31 77 39 47 8 17 11 68 60 66 28 31 9 45 60 67 10
50 56 20 45 75 40 31 4 58 42 51 14 44 17 58 36 67 75 24 67 55 9 5 46 16 34 5 49 42 71 57 35 6 0 20 11 23 41 65 44 29 13 43 66 32 63 37 77 34 36 35
56 5 62 79 8 75 3 45 48 13 5 12 77 44 11 4 5 43 5 52 16 25 23 6 57 22 56 69 34 40 41 18 0 73 20 33 71 8 3 18 0 18 18 2 75 0 25 77 49 35 51 52 14 30 53 36 13
54 46 10 59 51 32 11 75 3 23 64 4 13 71 38 13 34 56 69 1 30 65 9 68 2 26 72 58 29 56 0 42 27 63 12 11 72 1 66 12 34 27 54 32 47 14 56 9 29 35 44 79 8 46 22
17 66 23 4 23 36 17 55 60 67 32 16 37 73 51 63 1 48
70 8 60 63 55 23 18 40 2 59 49 56 2 58 60 77 47 52 20 67 51 76 58 4 21 68 23 37 17 79 44 1 12 35 63 70 67 13 64 0 50 61 17 11 57 3 25 75 52 18 47 54 54 12 13 22 66 48 29 40 69 40 29 62 2 20 49 35 50 24 45
20 28 27 67 39 47 54 46 78 65 9 52 46 38 42 50 43 60 77 34 17
69 45 49 70 46 46 49 75 15 41 17 64 4 45 6 77 61 10 79 68 31 52 35 63 14 74 32 61 50 20 20 75 19 4 35 70 2 68 18 26 45 44 61 74 0 56 25 41 69 37 62 57 16 38 74 11 62 70 50 68 62 8 74 45 68 78 69 36 78 27
20 2 50 21 42 9 58 10 39 69 39 6 41 6 60 33 3 26 46 3 66
57 35 22 36 48 46 64 16 1 62 19 34 63 29 30 21 47 56 4 68 10 30 9 63 75 71 76 16 55 13 3 33 16 4 18 36 77 63 72 7 11 36 78 50 65 74 59 79 59 53 21 9 34 14 49 40 9 35
6 51 30 16 41 67 41
12 11 17 57 71 29 45 23 47 68 35 72 65
12 16 25 68 44 29 31 8 26 71 59 51 72
34 5 41 41 68 19 3 57 16 44 38 3 44 65 42 3 15 8 77 27 20 3 46 14 10 42 42 8 46 13 6 4 16 47 73
17 38 17 53 78 78 19 40 51 69 74 25 4 73 77 12 30 26
47 65 2 75 10 66 55 44 3 18 79 75 26 11 74 37 28 50 52 68 29 70 54 38 71 73 47 57 16 64 19 21 11 27 28 42 0 26 58 19 52 21 48 17 59 43 7 15
11 23 68 58 19 4 24 41 49 30 76 73
18 67 58 75 23 25 51 21 14 45 5 20 7 75 78 15 73 18 15
74 63 18 74 65 57 14 60 50 56 76 77 75 53 30 18 5 22 39 70 71 58 54 11 36 54 55 40 41 26 4 73 25 14 51 35 64 40 31 4 8 39 64 39 7 47 77 73 1 52 33 23 73 27 8 62 48 60 65 47 47 76 41 5 24 2 61 19 6 70 6 43 5 14 0
3 54 31 35
12 66 54 11 37 37 57 12 45 26 30 0 68
36 23 29 30 50 68 57 31 5 70 50 1 43 20 40 73 51 49 37 39 26 16 44 41 15 5 1 66 37 73 19 6 66 75 52 49 46
78 67 10 62 38 66 76 66 34 46 39 7 50 27 10 76 38 74 50 68 35 17 49 9 50 5 68 5 63 2 7 3 28 24 19 53 15 32 79 48 31 27 75 12 50 37 64 34 30 53 29 57 33 45 73 10 4 65 42 35 4 53 4 26 24 22 9 79 69 21 22 48 55 40 13 49 2 73 55
34 29 36 68 50 43 29 3 2 20 11 1 0 50 14 5 74 56 40 6 41 31 71 64 5 8 30 46 66 57 63 63 76 48 50
42 78 61 21 71 41 35 2 47 40 70 49 34 38 60 20 45 53 67 6 27 16 3 5 47 41 72 44 21 23 70 13 79 62 43 1 19 33 2 59 1 50 57
1 76
69 53 10 38 62 78 72 44 4 13 55 12 71 51 28 32 30 2 2 50 36 27 27 25 39 52 42 0 22 57 71 44 26 45 5 23 58 17 77 30 18 39 7 17 50 57 35 21 71 79 74 23 15 68 78 76 15 66 18 39 55 38 59 21 56 39 44 42 28 39
51 61 68 35 29 39 49 70 77 3 17 35 63 35 25 30 28 51 10 11 6 27 32 26 51 69 46 20 10 6 27 7 75 71 35 1 23 64 74 35 69 40 26 16 59 40 73 40 41 51 19 75
25 19 27 3 42 78 38 9 55 32 75 59 6 12 63 75 55 29 51 33 20 12 42 50 11 24
2 63 19
56 4 1 10 32 77 31 8 0 30 7 10 74 75 13 1 11 67 38 41 71 6 11 56 18 32 18 47 73 57 0 63 20 7 48 24 53 3 22 54 13 49 64 69 33 1 5 33 42 66 53 9 16 12 53 55 64
35 43 33 9 52 47 46 36 9 16 37 53 3 61 24 69 25 5 72 79 58 1 19 75 0 71 35 12 24 48 50 56 72 37 57 45
66 53 40 32 14 31 52 0 77 3 17 8 54 73 50 78 41 36 76 50 59 15 36 12 61 19 21 65 34 38 18 2 45 2 11 58 35 8 53 67 38 76 77 74 74 6 61 39 34 26 29 75 23 62 11 32 76 68 9 67 1 68 26 55 51 38 70
19 40 14 78 23 14 18 67 7 71 50 17 14 56 40 74 72 32 53 62
61 30 64 33 71 55 69 79 60 72 39 31 67 59 3 49 54 60 40 20 35 17 32 74 25 0 21 70 27 28 77 21 0 56 9 8 41 69 79 18 53 14 7 51 19 76 34 28 12 26 15 47 66 40 59 28 64 63 24 58 38 0
30 52 56 8 16 2 23 57 50 17 53 61 34 22 22 22 69 63 44 63 51 29 47 31 11 26 50 68 34 19 6
51 46 71 1 48 0 8 60 22 34 49 27 16 30 12 28 59 65 16 11 55 69 37 59 28 18 41 30 28 22 11 61 26 33 68 27 36 33 61 66 63 0 55 9 43 18 36 68 30 18 74 2
38 13 64 26 11 43 4 23 37 53 33 62 12 18 34 17 67 70 79 5 18 19 60 13 58 40 73 5 12 52 52 61 3 73 49 22 35 39 17
71 46 57 57 48 45 56 77 43 34 12 65 44 26 73 29 46 73 47 21 19 35 3 74 19 0 2 57 32 27 33 41 9 66 27 52 26 52 51 78 45 55 58 18 41 38 65 62 46 4 18 50 67 40 35 17 64 26 8 79 57 4 60 11 47 8 21 15 59 71 45 13
54 68 4 68 56 46 68 44 28 67 13 27 33 50 66 20 62 24 2 5 4 34 31 26 48 17 39 6 44 37 22 37 46 68 50 60 65 60 16 16 41 20 1 71 53 5 78 28 33 76 51 1 19 53 35
31 5 53 71 6 7 79 56 6 44 1 63 30 46 67 12 29 46 60 24 23 15 20 51 8 13 59 1 77 65 19 2
62 26 72 2 53 68 31 72 40 63 29 12 27 24 69 57 37 1 35 15 7 21 61 60 64 39 47 18 16 25 53 40 26 18 71 12 54 45 36 31 48 77 3 67 78 71 42 64 63 24 2 24 38 41 5 45 31 4 69 10 19 62 53
42 23 66 7 62 27 57 32 60 33 5 56 15 17 24 52 42 58 51 30 69 31 8 19 5 69 44 79 60 28 0 48 10 58 69 60 46 45 38 52 58 37 16
58 41 50 30 30 6 23 47 37 78 53 47 4 78 73 1 53 71 32 77 49 15 7 25 43 26 13 56 47 73 69 67 66 32 35 22 11 67 41 1 0 33 65 24 60 46 40 4 64 24 71 70 77 41 27 63 10 6 6
46 76 65 28 15 0 3 3 11 61 0 63 9 16 14 46 18 45 6 71 26 15 41 48 37 74 64 18 29 56 6 75 3 21 42 51 8 68 26 3 5 4 24 29 16 73 58
7 46 45 79 4 14 37 79
44 0 73 11 35 5 12 0 13 10 79 20 22 58 38 24 75 2 8 69 13 28 20 24 57 6 40 17 40 2 17 57 56 45 40 45 0 10 33 20 53 76 49 40 70
42 11 76 49 0 17 37 43 47 75 43 38 77 63 30 15 42 27 17 64 33 53 35 9 66 70 51 23 17 79 41 21 38 21 61 17 1 69 36 56 22 40 47
48 39 29 5 36 1 68 67 6 62 32 54 23 19 73 8 65 63 53 51 25 67 15 3 65 74 47 48 3 17 26 37 1 55 17 62 26 62 61 17 79 54 0 52 59 0 29 77 2
74 26 40 57 69 33 32 76 46 14 72 38 8 40 23 16 11 49 28 15 29 68 14 43 40 40 58 72 34 3 73 4 34 46 34 71 39 53 68 60 38 20 49 13 65 67 54 43 44 39 70 66 61 5 19 15 44 9 1 38 5 71 3 68 10 41 2 75 56 42 67 66 23 38 60
44 41 12 48 42 77 47 78 20 14 33 15 4 75 24 32 73 12 36 26 70 60 10 0 5 54 34 23 15 8 43 42 43 76 9 62 23 43 22 38 68 23 21 12 36
42 7 63 72 17 14 25 43 59 25 51 69 58 62 56 35 39 25 63 41 48 12 39 53 24 51 66 0 54 75 67 39 60 51 75 33 29 14 14 24 39 38 27
12 24 66 48 24 77 44 77 34 0 31 72 45
18 36 73 73 62 65 54 77 47 21 8 26 63 6 10 8 43 12 79
69 42 48 54 55 69 43 57 47 34 50 53 18 4 15 13 11 54 8 17 78 23 75 47 34 65 17 12 19 37 19 37 15 11 69 37 74 67 44 39 30 16 57 10 75 38 54 23 16 72 28 73 34 15 58 78 40 62 20 13 65 8 66 59 72 62 37 5 75 78
78 59 3 3 48 61 24 32 72 22 9 8 13 78 8 6 17 53 30 60 24 7 21 36 18 44 17 54 42 65 53 47 33 26 10 37 54 10 26 71 78 59 28 24 7 17 56 73 47 40 77 28 51 71 47 79 65 56 4 59 56 69 55 12 72 75 1 65 63 35 40 19 39 29 35 71 14 55 46
40 79 79 46 78 15 55 61 40 66 61 49 73 20 48 79 64 69 64 4 72 18 65 67 10 47 21 65 27 35 24 46 57 64 54 55 66 51 13 14 28
6 45 55 1 16 9 39
11 58 44 19 6 49 22 56 28 77 14 30
70 26 42 38 47 16 34 12 76 75 41 11 28 38 56 65 28 49 73 34 0 12 31 66 4 16 64 24 46 72 41 64 46 78 62 16 68 69 53 60 69 44 32 19 67 9 7 38 22 19 63 28 64 57 24 28 3 64 46 29 62 2 2 26 33 62 0 9 40 15 28
48 45 27 58 78 19 54 9 48 46 73 52 41 47 31 53 42 21 46 18 14 17 43 10 65 78 44 19 31 4 18 17 64 27 29 53 13 78 72 68 66 32 32 66 33 69 9 48 18
70 61 1 31 28 67 76 27 24 73 35 39 43 55 42 76 64 23 37 29 26 16 39 8 33 28 27 17 71 8 61 5 54 52 33 33 72 43 24 18 68 77 20 49 31 43 2 20 45 21 20 13 73 59 18 15 8 19 3 75 14 13 76 42 75 23 35 63 55 22 55
7 68 67 15 4 17 1 53
57 41 8 28 59 12 64 78 49 22 40 42 27 52 75 5 67 40 48 57 28 4 55 38 29 8 74 64 53 11 22 46 25 31 44 46 34 57 34 15 19 37 66 79 44 1 24 72 1 46 70 52 27 29 1 48 37 8
49 65 28 5 75 73 35 50 18 17 73 41 1 27 1 25 15 12 6 65 67 36 41 70 53 39 16 56 21 22 54 73 30 78 35 46 3 55 47 54 66 40 49 32 0 2 48 50 43 67
73 29 51 48 7 74 75 38 75 16 12 22 57 16 32 51 27 72 70 60 34 57 53 74 7 24 14 23 38 47 75 74 65 47 62 17 60 29 37 41 25 40 71 69 48 57 18 4 33 30 58 26 20 74 44 33 30 13 25 72 76 73 75 1 14 27 16 75 67 2 15 60 48 48
40 38 74 15 40 1 50 46 1 1 30 15 50 26 31 6 25 66 20 28 7 40 20 19 44 78 31 32 2 19 34 26 32 33 54 64 53 51 22 12 33
27 78 25 75 16 67 67 47 22 41 77 43 32 48 11 26 19 10 72 13 22 61 47 3 27 62 38 16
18 23 63 61 75 30 29 44 14 55 66 72 2 55 28 51 46 15 9
75 48 10 21 71 79 52 62 63 55 27 31 58 73 28 24 43 1 17 54 51 13 3 20 53 37 70 6 63 76 78 44 75 33 40 37 31 27 71 51 78 68 45 1 48 10 53 58 22 79 0 78 3 31 22 24 38 28 39 43 45 48 64 49 68 33 57 7 39 37 9 45 6 43 9 66
43 22 52 71 65 1 73 39 19 28 73 53 73 40 30 69 38 48 53 71 44 22 35 21 76 79 69 61 12 20 10 48 10 5 32 26 51 66 14 43 20 15 38 35
28 29 53 52 32 17 79 57 71 31 16 73 67 6 72 75 16 67 12 23 44 17 52 77 54 55 39 77 56
35 27 14 21 0 26 49 41 66 58 13 54 46 38 77 24 70 33 39 21 6 13 53 57 55 31 33 29 66 58 50 27 64 55 58 66
67 27 48 5 37 23 46 8 15 72 60 42 72 19 21 7 36 75 29 43 1 74 11 52 20 17 62 32 78 32 11 63 39 8 24 78 0 37 33 61 27 15 54 36 2 22 69 58 10 5 58 28 31 64 40 2 42 4 75 44 15 11 19 32 75 13 18 74
59 67 57 30 6 8 51 2 10 78 15 43 23 67 36 21 30 60 17 27 8 39 52 1 26 18 36 47 7 78 28 53 50 59 1 46 47 44 24 7 32 41 49 66 28 76 58 54 32 5 50 11 51 29 42 65 71 34 35 48
46 32 27 71 41 9 12 13 62 38 62 14 3 47 79 57 46 15 25 48 38 28 12 77 58 23 56 74 70 53 10 74 25 66 22 34 30 37 34 31 39 38 67 71 18 12 48
56 50 69 18 59 70 58 1 79 4 63 69 5 43 57 32 7 74 21 33 35 59 17 64 47 38 23 29 27 12 67 39 32 50 69 52 55 1 7 1 34 45 56 4 44 29 2 23 48 65 45 36 69 21 25 45 18
77 53 26 75 59 55 3 38 4 41 1 33 67 43 4 48 65 35 6 8 31 33 48 24 4 49 45 69 30 69 40 4 21 14 3 24 4 11 60 55 19 57 49 37 60 46 22 62 1 65 46 19 42 58 46 10 19 30 9 4 5 39 6 39 49 61 24 0 74 15 25 45 8 14 22 12 39 57
6 1 66 44 19 31 65
60 28 69 77 60 42 33 23 57 42 49 37 71 29 79 37 57 21 2 16 3 33 36 9 67 27 75 55 37 29 10 64 2 63 46 22 65 60 41 34 10 24 79 22 54 29 29 20 53 31 79 79 48 4 48 25 15 14 78 60 18
77 61 47 52 25 27 27 18 34 35 55 26 31 3 79 54 35 65 24 30 71 4 78 75 21 4 57 4 45 23 42 5 24 43 7 77 40 28 16 4 4 62 59 68 1 17 4 52 12 40 46 14 74 65 35 61 70 76 75 68 62 36 75 4 35 21 45 32 11 24 14 76 40 36 62 33 52 79
6 18 0 63 70 39 78
76 35 22 54 48 30 69 67 74 78 22 25 36 31 6 57 11 19 75 3 20 45 51 15 25 75 42 53 38 70 3 58 55 23 50 52 21 76 54 78 56 50 17 36 13 13 52 72 6 78 41 59 1 9 19 40 36 11 77 2 79 7 65 71 74 21 74 12 69 62 23 22 77 20 43 48 29
30 12 12 29 36 13 45 35 29 60 56 30 14 2 58 50 69 63 72 3 64 61 61 2 17 21 11 68 32 9 64
18 56 35 52 56 35 41 29 39 19 27 20 6 1 23 41 58 48 35
19 70 70 76 2 11 45 68 71 72 76 46 67 76 77 46 57 13 5 31
34 21 10 56 68 42 37 43 62 76 62 65 28 33 20 61 5 75 3 77 74 52 79 19 55 47 57 22 70 43 45 63 22 59 40
46 54 51 8 50 41 74 19 8 45 44 76 36 13 45 51 61 22 35 55 76 0 55 57 50 6 69 18 68 43 35 10 8 6 65 26 44 65 16 72 67 55 43 66 52 4 19
76 9 37 65 36 55 56 25 8 0 18 13 57 4 75 59 51 21 62 42 47 71 55 76 5 32 52 19 70 47 42 70 71 16 73 27 23 72 11 33 17 37 3 18 43 5 38 0 73 50 66 25 41 31 21 55 71 42 63 46 28 36 53 35 49 32 63 49 46 77 50 2 14 15 27 15 56
17 27 78 71 70 68 22 3 12 30 45 46 34 38 9 54 52 11
21 69 17 63 50 46 13 5 14 28 42 67 67 0 48 22 49 41 44 68 15 66
38 8 43 64 46 5 61 1 5 10 20 28 16 46 70 33 16 11 48 74 56 66 48 54 32 51 68 68 60 28 77 26 60 68 28 41 23 7 73
8 76 11 77 1 45 25 60 49
7 41 46 31 74 3 72 60
25 19 21 40 0 16 35 26 16 55 6 0 68 63 11 1 44 52 1 1 4 8 10 73 24 74
65 63 71 9 19 14 64 38 77 51 51 74 71 22 10 64 79 15 45 55 20 70 5 18 38 62 31 1 11 44 28 8 16 18 1 49 52 61 62 13 52 21 33 74 62 33 15 58 17 22 34 63 21 25 18 24 46 67 15 77 36 54 43 7 61 27
55 13 70 76 53 24 13 24 24 20 58 25 4 27 12 32 38 23 7 25 46 53 70 64 7 58 42 75 14 55 19 15 47 75 16 77 7 13 27 11 16 66 49 57 34 8 24 56 54 57 49 31 62 33 2 32
72 22 63 73 6 63 38 11 13 76 43 53 42 41 21 56 40 44 62 2 65 54 79 51 8 39 5 54 52 24 56 64 48 70 25 53 62 49 5 30 77 14 34 59 39 21 51 58 10 71 70 36 59 16 9 32 0 77 2 53 4 1 48 4 36 56 61 56 71 5 14 13 36
56 1 59 62 46 1 28 18 50 4 26 32 59 49 54 73 41 67 48 68 65 21 52 64 0 58 6 19 52 78 27 2 67 53 79 10 42 6 40 32 37 15 75 25 4 6 14 27 65 75 45 1 18 51 58 55 49
43 49 37 42 46 24 35 65 59 34 4 5 17 1 58 39 25 10 51 28 12 52 22 0 73 73 23 26 7 40 72 59 79 42 13 30 37 11 38 74 69 59 5 52
37 11 1 29 43 54 9 63 58 46 69 68 13 23 34 79 79 71 22 41 61 65 69 25 28 16 56 55 72 71 34 72 69 4 51 56 63 22
26 70 28 16 7 68 5 71 78 57 25 35 70 65 14 43 42 29 58 47 45 5 76 12 40 22 15
59 68 63 58 26 51 21 4 34 73 43 52 48 49 22 58 63 38 33 10 16 24 26 53 47 59 11 72 42 65 45 29 76 61 66 22 10 29 76 44 0 43 61 35 4 32 9 58 13 17 20 63 79 43 41 17 53 62 48 3
51 22 51 66 64 76 35 38 29 13 10 50 32 72 78 6 7 28 1 31 28 3 27 60 18 57 28 60 54 10 10 9 34 29 16 50 35 71 25 16 22 59 26 65 2 3 46 12 57 1 48 22
74 5 2 57 45 24 38 40 68 79 59 47 17 67 38 73 11 11 73 73 35 32 59 50 28 31 38 57 66 63 22 26 22 64 10 66 4 45 8 59 55 48 64 31 76 41 57 75 21 62 31 38 4 60 36 61 3 43 72 69 20 53 0 69 19 79 73 54 5 5 52 20 44 15 15
14 47 45 28 17 25 56 16 36 42 20 79 1 12 54
33 13 47 15 68 77 74 35 18 56 35 53 45 27 35 40 39 73 28 59 72 13 47 1 28 1 49 42 48 61 26 3 3 20
3 56 3 45
64 3 58 24 43 48 43 34 18 45 25 22 48 33 29 36 45 22 72 27 67 62 9 5 16 53 53 46 14 39 4 56 38 52 78 63 19 69 72 33 44 11 20 34 65 49 72 39 40 38 29 71 74 5 47 39 44 78 24 26 58 78 16 38 66
57 72 25 64 7 4 54 38 37 7 65 43 10 11 65 33 72 18 40 41 34 26 34 52 74 75 25 19 42 1 17 31 23 40 65 40 3 73 66 73 50 29 46 16 54 51 49 53 20 78 54 52 22 10 49 41 16 7
51 28 42 18 71 3 78 53 61 10 14 18 79 5 70 47 71 35 78 1 58 79 26 40 18 70 63 40 71 38 45 76 48 70 59 69 38 14 38 39 20 79 15 36 29 48 2 25 4 73 50 21
40 45 22 60 0 51 67 72 42 56 21 59 69 71 19 11 41 69 14 77 25 22 52 46 1 44 2 26 38 52 48 35 65 65 10 75 60 8 37 60 28
64 12 47 69 38 78 65 43 51 60 46 28 9 18 46 3 77 36 63 15 27 56 1 32 7 71 20 63 14 53 37 64 31 77 3 36 73 44 4 67 57 17 67 9 79 8 32 53 44 65 59 29 78 26 27 69 37 75 46 3 25 53 49 77 21
46 29 22 2 17 52 27 15 3 32 1 15 72 38 40 57 39 66 69 40 70 71 6 9 44 6 50 62 39 59 17 59 27 65 30 36 15 51 68 21 66 0 17 49 11 41 22
49 61 10 44 64 64 43 11 65 71 16 67 29 10 45 7 29 48 26 40 29 26 31 49 74 26 77 69 18 24 69 41 74 74 79 42 43 10 64 38 34 53 10 46 44 17 62 60 12 40
2 42 14
3 29 49 34
72 5 33 79 43 49 60 13 68 5 30 71 4 39 35 78 59 1 17 11 36 32 6 70 9 57 58 21 66 44 68 43 70 39 53 34 30 43 60 70 64 16 56 59 18 29 72 0 26 24 57 53 54 41 38 4 76 78 78 44 52 2 40 71 23 21 27 71 59 18 35 59 51
62 49 42 48 44 63 58 40 41 20 5 25 21 42 24 35 25 74 46 62 18 39 34 49 51 16 7 70 20 17 22 29 52 67 51 57 40 66 40 21 50 38 75 30 2 11 57 32 9 51 44 30 31 79 27 2 21 63 73 76 5 70 29
12 28 25 54 32 41 10 72 41 61 6 36 12
29 43 62 3 38 37 63 66 55 5 36 51 72 22 11 12 67 23 4 52 52 27 8 15 42 78 74 69 76 34
32 30 16 67 8 54 4 63 25 12 26 24 21 44 57 0 48 75 15 17 19 22 6 20 58 6 11 1 45 29 20 9 3
19 50 12 25 32 16 18 28 59 63 54 72 15 46 13 33 62 37 47 28
30 1 77 59 30 72 1 71 73 47 68 7 68 24 17 12 59 4 46 78 11 7 53 22 55 70 45 67 58 64 70
12 5 57 61 63 63 0 15 74 51 8 64 40
71 67 79 78 28 32 19 78 51 56 30 39 14 61 79 44 26 34 2 62 29 54 72 4 78 57 8 35 76 44 54 0 21 36 19 44 13 22 41 75 75 59 45 20 13 72 79 58 6 71 79 40 32 31 62 13 39 46 29 79 29 77 52 46 69 27 50 0 78 68 48 17
39 5 29 74 58 77 16 79 56 18 29 27 6 22 65 2 18 29 68 71 55 66 9 34 69 51 77 1 28 0 25 52 1 55 65 20 39 59 5 78
51 58 53 72 67 2 79 46 6 59 48 44 0 27 56 76 17 65 56 33 36 74 39 53 9 66 31 59 69 43 28 22 10 33 43 55 58 35 15 74 19 47 26 22 66 4 27 56 4 2 53 36
13 76 72 15 8 23 6 63 71 19 67 2 0 25
38 73 25 32 65 53 39 75 41 15 36 35 62 50 14 28 44 0 18 22 33 76 77 27 58 13 47 17 27 52 78 57 24 10 7 60 76 13 2
53 1 35 29 5 39 69 52 31 67 58 33 25 70 63 68 13 48 4 32 39 38 21 65 70 32 12 30 7 63 68 78 25 77 28 67 19 34 32 21 63 46 29 23 22 3 39 27 74 10 60 65 13 49
69 48 59 23 18 1 46 46 21 79 4 19 4 14 73 78 46 37 41 30 64 70 29 0 11 74 28 76 10 64 15 47 2 23 68 17 66 37 75 68 30 15 23 70 41 72 61 61 62 51 4 31 51 72 68 51 73 38 35 28 40 52 33 76 50 49 38 35 35 33
64 9 68 12 27 24 2 16 8 70 19 28 42 45 34 69 63 5 27 34 44 78 64 1 75 17 44 12 38 33 57 49 26 70 72 60 59 49 25 72 78 26 31 17 65 28 18 29 16 64 23 24 61 15 32 41 41 40 76 20 64 71 36 33 52
72 4 2 51 28 60 50 4 66 42 47 54 65 61 19 34 51 35 29 79 7 34 29 75 70 37 46 2 42 63 26 58 64 35 15 8 72 25 62 57 19 13 10 5 2 4 33 56 57 63 29 39 18 31 35 27 44 10 63 22 55 11 18 72 8 41 6 42 67 19 3 30 42
62 31 61 62 65 4 67 70 39 11 40 22 9 38 46 48 28 23 71 77 49 41 41 71 52 57 59 39 71 79 60 33 68 8 73 49 16 52 48 6 73 19 54 59 64 68 3 77 71 33 9 51 57 74 40 58 45 29 36 67 65 66 8
14 58 37 60 14 68 29 63 1 53 14 64 73 31 27
22 74 68 61 42 8 65 23 60 40 58 54 38 26 37 57 76 34 29 32 63 20 73
10 37 48 0 47 38 41 11 22 56 62
68 35 44 74 51 69 50 29 41 60 50 26 22 58 10 38 31 63 73 75 24 31 60 29 67 64 25 11 76 71 54 8 55 68 78 12 16 13 18 36 46 76 2 61 26 68 48 12 6 20 76 33 30 7 26 45 42 67 39 60 46 15 74 36 48 15 79 79 50
34 78 53 46 70 15 18 62 42 6 76 0 55 1 19 13 41 53 69 31 19 38 53 79 31 5 37 7 65 66 35 43 69 45 59
41 26 18 11 10 79 15 33 1 68 50 78 59 34 48 12 27 46 36 78 31 57 68 63 36 23 4 8 21 60 11 36 22 23 33 59 77 53 75 35 23 26
24 77 24 13 32 11 6 35 6 55 61 27 26 62 67 17 63 25 60 70 65 4 55 37 0
30 29 18 34 45 9 17 30 40 62 25 17 16 31 73 51 65 39 55 12 1 4 23 5 77 42 35 54 75 23 42
76 69 10 33 75 23 74 20 30 11 5 39 59 27 34 59 71 16 25 73 45 13 65 5 39 6 21 5 44 69 44 41 29 36 44 57 44 68 33 14 34 71 43 78 58 67 20 45 35 79 75 24 20 56 73 19 19 34 14 47 47 3 63 66 72 39 12 65 61 38 79 39 11 43 6 27 53
72 47 7 61 48 26 42 63 47 45 65 25 50 77 28 65 47 26 39 64 31 33 23 69 45 18 19 21 52 19 63 46 45 53 49 7 35 20 32 3 71 33 20 74 63 72 35 22 62 22 44 12 71 50 51 18 7 52 35 62 18 7 37 41 59 45 5 50 67 48 51 38 60
48 36 8 22 74 23 78 19 73 71 59 42 70 22 59 20 56 7 51 14 20 19 33 52 50 0 78 61 41 3 5 3 11 26 25 40 25 0 29 58 73 6 32 27 73 10 10 0 45
36 62 18 51 15 5 3 11 68 32 33 23 54 8 36 32 9 54 74 50 10 74 8 25 74 71 51 27 78 37 49 70 76 61 13 38 22
6 16 20 31 57 70 11
30 61 50 39 9 0 45 57 54 74 42 27 77 50 73 79 48 43 42 78 38 3 15 47 3 21 20 26 14 78 2
59 46 49 58 77 6 75 59 20 53 30 38 72 40 23 75 25 47 58 41 35 46 28 77 67 12 35 42 74 63 22 27 63 65 8 29 5 5 9 66 6 74 67 22 31 71 38 79 26 65 23 63 73 21 44 53 56 74 13 0
56 4 45 69 39 32 59 76 52 59 79 63 71 36 2 69 68 12 50 20 66 18 72 3 78 18 50 15 21 6 8 65 69 25 21 79 1 38 47 59 55 26 32 75 7 19 10 37 19 45 26 31 8 23 52 2 66
10 76 25 79 30 13 14 50 6 62 14
59 45 46 46 56 10 62 63 77 51 12 36 19 38 18 47 61 41 62 13 39 56 1 13 44 61 60 56 33 6 47 38 66 64 78 60 76 77 5 58 1 47 52 15 54 31 11 44 70 66 75 69 62 74 8 36 64 45 76 13
77 78 1 78 9 22 50 58 24 73 66 23 16 49 66 32 32 52 2 63 47 61 11 33 35 2 70 1 45 68 5 26 51 47 72 21 78 10 3 14 68 53 65 35 39 54 4 53 37 78 26 10 38 36 75 27 74 30 51 33 56 59 62 68 70 50 32 73 25 71 68 36 68 58 43 19 49 38
19 24 8 74 36 63 34 66 15 11 40 66 26 71 64 77 46 25 59 6
73 67 24 12 47 19 48 22 60 41 33 18 4 62 9 52 74 48 60 66 13 69 40 10 73 73 4 39 53 77 67 26 39 41 30 5 67 14 15 17 1 17 50 67 4 49 72 11 37 59 71 20 34 39 71 78 41 55 58 13 69 55 25 58 11 26 64 49 30 69 71 21 11 48
62 44 10 41 19 50 47 69 9 21 35 77 73 24 9 14 72 78 27 14 15 72 25 79 44 48 1 27 54 35 13 24 75 11 25 25 0 59 53 19 59 71 0 45 76 27 24 33 31 64 43 45 65 49 45 17 6 57 62 50 8 30 21
49 77 22 12 66 29 53 27 59 33 3 2 50 77 28 77 21 71 21 3 26 40 47 37 37 9 3 39 12 33 20 8 74 58 59 37 13 75 22 79 39 77 40 15 75 30 11 30 58 57
74 21 13 67 48 32 21 77 34 55 62 40 50 57 38 7 59 43 20 38 48 16 62 0 66 1 2 77 11 18 26 59 13 19 77 54 52 12 73 43 37 22 23 53 1 73 67 61 49 69 26 50 45 73 67 42 62 17 9 45 74 77 4 4 3 38 67 71 78 34 15 15 64 54 13
31 68 32 45 10 14 66 74 41 60 29 74 23 73 35 9 43 69 77 4 76 49 2 48 25 52 61 11 66 35 51 45
15 22 12 70 34 61 68 34 3 60 39 6 24 53 20 37
67 24 32 33 73 29 20 54 8 62 9 65 15 3 27 11 79 10 11 72 49 10 41 55 63 48 75 17 40 32 44 35 15 9 10 42 9 51 67 7 72 70 33 50 8 19 24 56 7 30 10 32 31 17 65 60 77 52 66 70 36 12 77 3 5 33 57 8
79 76 77 40 14 78 76 75 62 67 72 50 61 26 26 54 15 64 8 30 43 3 7 10 47 77 56 6 1 64 31 38 12 62 45 7 67 27 34 53 34 59 75 63 27 61 3 16 78 58 29 68 31 17 50 60 42 63 25 9 40 19 74 60 38 76 53 0 43 60 23 6 19 68 12 19 23 30 35 38
72 35 23 27 58 67 49 9 16 31 79 5 7 9 64 66 63 12 35 59 19 2 35 58 1 34 34 52 59 73 52 77 46 62 65 22 53 33 37 12 68 44 60 9 25 44 53 57 47 27 28 11 8 24 30 19 52 24 60 70 1 63 12 32 31 6 73 32 66 1 13 46 7
62 29 27 60 26 68 73 55 17 13 33 27 78 16 7 33 57 56 42 61 36 43 51 39 12 26 3 19 4 77 61 62 72 77 38 28 34 13 65 48 36 25 51 74 73 8 10 67 67 30 2 22 12 77 70 20 51 29 12 23 34 69 15
47 34 10 55 23 12 20 14 60 36 74 23 55 41 76 34 20 78 32 50 68 18 37 60 56 47 41 67 50 79 57 3 21 10 68 20 49 24 28 0 24 74 48 15 72 69 31 46
72 78 47 64 11 17 49 15 22 17 8 39 70 20 30 76 3 0 3 5 62 9 75 79 69 15 72 45 65 28 20 66 42 38 42 27 79 23 8 43 74 53 27 41 59 2 54 4 55 41 52 76 78 4 79 8 36 65 43 75 76 18 20 64 26 17 67 27 17 26 62 25 50
50 44 51 3 49 5 22 63 43 40 28 77 33 40 56 52 37 53 68 30 7 12 15 22 43 25 48 39 79 65 18 71 65 43 42 56 12 31 54 26 15 3 70 73 30 31 79 54 31 50 52
52 41 64 22 56 19 21 73 26 78 50 67 68 44 20 54 32 46 9 25 54 27 23 55 29 70 23 3 30 47 64 12 70 62 3 15 35 21 21 79 16 63 0 34 37 28 35 65 41 29 61 65 43
8 14 58 42 76 60 72 28 34
77 18 7 48 29 62 5 35 56 49 3 25 59 17 47 58 75 25 43 30 51 34 45 57 60 26 37 55 14 23 75 76 8 4 52 77 50 68 58 31 38 50 44 2 1 29 24 63 32 53 52 17 77 19 4 21 32 65 18 2 38 56 69 4 57 14 40 2 22 29 5 5 23 64 12 19 27 4
10 11 33 77 47 8 45 32 58 39 34
36 65 14 12 42 43 78 11 7 61 11 76 54 55 56 36 66 79 12 59 71 74 36 25 50 25 15 37 18 68 37 72 41 34 2 6 40
11 20 6 20 19 63 49 0 44 23 17 12
34 64 60 71 23 73 60 33 47 70 18 30 7 52 5 77 46 77 1 10 30 76 38 21 26 40 77 2 9 27 13 45 23 27 53
54 54 22 52 20 29 20 49 38 71 67 65 6 37 1 77 27 14 70 72 6 43 40 40 20 42 78 61 49 53 77 78 8 69 33 39 30 75 24 44 11 0 70 25 1 9 37 11 79 37 75 42 37 60 62
46 4 12 2 10 28 59 35 78 71 48 51 48 24 49 1 75 41 23 10 47 47 56 33 59 19 41 69 8 7 15 34 5 56 64 11 23 49 45 6 47 72 29 28 75 19 75
43 4 51 37 13 23 53 39 60 6 72 20 3 12 38 15 38 36 38 47 24 1 22 50 67 69 9 51 53 22 25 9 46 5 63 4 54 18 35 45 59 67 24 19
78 67 76 69 52 78 12 1 61 28 40 15 69 17 71 69 38 61 20 18 6 35 11 51 41 60 17 6 14 12 48 22 59 50 53 38 58 25 61 44 30 52 54 35 75 36 60 7 32 25 42 63 52 0 35 70 22 69 0 2 21 34 15 68 29 3 0 72 54 17 48 74 33 31 23 75 62 23 78
59 1 51 44 79 5 2 19 51 25 73 48 18 69 75 53 22 36 72 66 46 23 26 6 15 17 5 34 44 56 63 9 55 42 14 60 6 53 16 1 33 25 3 10 18 53 79 64 43 36 69 51 48 74 9 73 55 38 25 33
46 21 38 22 51 37 30 70 8 40 30 30 8 38 17 67 27 54 25 31 31 44 68 57 73 78 16 14 8 7 20 21 36 42 44 22 16 10 26 11 30 63 43 51 77 40 24
6 6 5 0 39 79 12
4 7 65 42 52
32 74 22 78 5 65 40 22 31 47 62 17 78 77 20 63 31 14 52 51 22 4 26 33 72 48 69 32 28 68 64 65 70
38 24 39 68 49 21 17 14 68 32 32 53 6 51 33 6 25 75 24 11 35 42 39 77 72 70 28 28 68 27 66 78 21 37 60 71 44 1 52
70 74 58 52 45 12 30 8 29 77 43 44 11 7 70 54 48 13 1 31 23 52 11 72 23 12 14 24 63 50 68 26 54 46 65 0 50 40 72 22 18 47 13 14 12 27 19 58 37 36 42 62 18 66 13 17 22 50 52 33 6 33 49 60 33 67 43 34 30 53 6
75 28 71 27 50 22 35 54 71 55 61 40 33 62 42 63 57 39 35 23 59 20 35 21 67 68 67 55 37 19 37 45 25 24 74 79 68 14 8 1 23 20 26 38 44 59 51 50 32 12 26 30 43 62 23 41 62 27 22 41 68 10 11 75 71 34 61 29 13 30 27 54 35 37 27 70
12 62 8 44 66 76 37 48 20 23 43 41 49
13 10 72 12 11 22 52 79 30 58 35 66 75 59
32 77 57 34 45 64 59 16 62 35 70 75 53 47 27 14 25 38 43 41 3 52 43 37 24 52 42 29 1 46 55 40 32
16 69 40 43 77 34 15 44 9 38 23 32 3 22 25 76 5
76 3 18 38 38 79 39 20 33 20 15 16 22 10 46 43 69 55 72 35 14 55 58 23 18 19 25 62 60 40 51 6 43 22 48 53 65 45 55 10 39 2 63 69 79 68 34 62 40 49 62 79 51 75 76 25 37 11 46 77 31 36 52 50 69 64 21 8 37 8 62 9 36 29 55 52 8
4 6 31 58 64
68 6 12 78 16 48 54 33 65 3 27 50 32 33 16 79 18 59 55 42 54 43 35 38 75 2 34 76 46 3 16 65 11 62 70 70 74 8 58 38 60 5 19 56 42 29 79 28 5 78 58 13 0 77 9 67 37 76 76 70 55 31 44 60 55 36 21 79 14
15 2 5 71 60 13 4 32 77 20 64 61 50 67 33 45
76 40 77 14 3 20 34 11 25 25 40 33 17 52 41 65 40 22 13 14 11 43 31 61 19 52 5 0 1 76 36 47 69 71 42 56 34 7 31 62 60 59 39 28 4 49 49 54 22 0 42 17 71 19 10 19 61 33 32 78 45 79 29 67 79 34 39 28 67 28 79 66 30 48 41 58 25
36 8 22 79 53 72 34 37 14 23 75 49 73 48 10 23 77 12 52 72 20 77 23 9 35 5 1 45 77 28 50 75 40 25 57 77 3
76 39 43 11 37 28 52 10 53 69 39 50 73 25 42 36 62 41 66 20 4 58 59 31 38 76 3 17 50 67 46 5 19 70 75 77 76 0 5 3 54 66 69 19 49 38 2 11 54 36 8 27 37 17 77 49 19 56 32 5 65 65 75 32 57 43 31 29 20 0 13 7 65 38 70 63 21
7 43 66 54 32 56 44 75
75 35 69 70 29 20 1 24 26 20 14 10 65 38 48 77 55 27 50 79 31 39 67 48 77 44 33 45 45 5 74 40 26 9 77 55 29 2 22 22 31 5 8 29 29 19 21 32 32 33 70 72 76 47 35 24 6 31 58 53 50 48 59 72 39 25 44 68 72 43 40 14 48 27 69 27
66 26 71 52 47 7 38 32 38 0 58 74 23 48 79 3 28 46 64 3 24 41 34 28 38 35 12 31 51 71 34 56 69 64 19 18 54 59 38 11 21 79 29 6 0 24 32 61 44 48 56 55 17 16 50 16 60 13 36 20 3 42 71 23 11 75 44
10 12 38 55 16 61 26 23 72 74 36
44 38 46 37 58 53 5 48 69 44 72 67 39 7 33 77 30 64 17 12 3 9 75 13 70 36 70 21 38 3 59 71 1 31 67 60 4 11 65 56 10 33 47 22 37
54 12 18 1 30 71 38 14 79 33 60 62 67 73 34 36 64 43 56 40 5 2 23 27 50 6 62 46 79 41 54 39 21 17 18 35 42 29 68 24 70 64 11 40 66 75 2 38 76 24 46 41 71 68 63
61 36 10 25 52 21 66 57 62 29 54 31 73 76 38 70 3 49 52 16 36 49 32 52 79 30 3 59 20 29 19 24 7 77 9 38 30 64 68 78 42 55 30 3 10 55 29 32 14 61 22 15 70 17 1 36 7 61 56 26 33 38
23 9 66 71 75 13 29 62 76 72 15 1 22 26 66 52 50 45 74 52 65 34 48 62
61 18 30 4 42 66 58 48 67 9 33 4 32 2 63 16 50 21 53 50 54 61 40 6 25 62 73 37 5 1 47 46 20 42 16 48 28 34 33 59 43 16 64 60 26 54 76 7 1 78 67 21 45 23 79 35 10 7 4 67 3 10
38 59 12 36 72 63 62 35 13 65 32 70 25 78 69 74 73 17 28 21 73 42 47 42 19 31 0 6 40 23 58 67 52 68 42 19 9 34 34
10 29 36 17 26 17 48 48 39 11 20
63 31 48 62 78 43 22 64 7 21 74 38 56 46 64 64 21 12 5 48 31 45 45 18 45 76 60 41 4 49 44 9 75 70 20 44 41 79 29 64 65 74 61 38 37 54 78 72 58 36 13 22 13 23 33 33 49 62 46 67 48 35 17 16
4 75 66 45 59
38 78 78 71 77 14 68 66 18 61 46 30 21 32 49 52 60 68 42 78 69 57 56 28 18 37 44 44 6 74 50 53 67 70 43 11 68 46 76
2 33 25
22 51 69 28 46 2 21 19 73 66 77 64 16 16 13 40 2 3 25 32 76 22 5
47 10 40 70 55 51 63 18 2 75 77 77 33 2 75 78 61 15 44 43 69 38 5 10 9 78 76 59 58 49 51 0 3 70 39 21 29 55 40 24 49 1 47 39 59 15 30 34
8 47 41 46 53 43 58 76 39
1 70
70 61 33 46 1 29 40 66 48 9 35 6 70 52 79 13 69 75 79 36 15 77 67 75 34 42 13 32 75 59 79 70 74 13 3 55 28 44 35 52 40 46 62 40 69 24 63 61 2 75 64 66 62 2 57 10 79 22 16 65 1 10 16 31 33 43 69 3 19 78 44
5 34 22 33 7 36
59 50 56 35 61 5 38 9 24 19 20 64 12 50 39 67 61 38 65 3 8 41 45 22 33 58 6 5 48 15 15 36 1 8 59 30 37 46 55 40 67 28 64 14 37 40 70 79 17 16 53 26 9 33 74 21 61 68 72 34
57 76 38 12 53 25 78 58 58 21 50 33 16 19 33 11 54 8 37 71 39 0 4 22 68 1 66 15 2 17 34 8 74 49 34 12 37 48 55 65 72 31 24 11 8 10 30 23 28 40 52 25 79 18 23 37 77 77
57 57 66 51 2 0 56 47 71 20 25 19 6 57 33 62 41 29 37 47 77 1 71 25 66 1 19 72 12 21 48 37 44 15 20 35 25 5 63 18 55 26 66 40 17 61 70 36 42 22 16 77 70 46 72 17 21 3
16 42 64 63 35 70 31 52 77 68 60 45 6 56 70 56 15
64 24 77 16 24 63 28 64 30 24 73 38 70 62 12 17 2 35 49 63 12 73 40 50 4 23 39 66 75 78 29 47 52 8 51 64 35 62 34 34 43 47 16 23 0 16 24 23 28 72 17 67 37 49 2 26 65 3 69 58 36 34 74 31 16
76 14 6 14 31 6 58 49 31 44 36 13 51 79 74 61 69 30 56 61 1 56 67 78 19 70 59 75 79 45 41 29 2 6 79 50 62 41 45 63 52 8 58 32 63 27 42 36 47 60 70 72 63 77 5 27 70 16 60 66 33 44 26 38 69 38 46 50 29 7 18 61 23 5 22 59 0
59 55 60 73 43 35 0 78 26 50 32 46 63 61 73 61 78 12 23 55 20 69 69 16 60 28 29 9 21 74 67 11 75 51 67 39 12 14 66 16 28 73 22 56 10 0 61 40 14 67 68 18 56 53 29 6 50 30 52 30
30 2 76 66 54 57 4 1 43 72 8 35 8 22 46 61 41 66 31 26 71 66 9 24 20 61 28 1 74 77 27
1 20
26 40 12 27 68 6 33 76 75 42 40 38 7 1 5 6 65 29 35 65 62 31 29 55 46 56 63
58 60 5 68 8 14 41 54 50 0 1 55 61 40 36 61 43 43 61 36 47 10 58 77 9 3 35 47 77 72 9 41 63 55 24 55 21 25 30 54 65 9 40 20 64 60 54 75 58 60 27 51 2 25 33 78 66 19 39
29 65 77 42 59 55 60 3 75 48 34 59 43 67 19 1 54 57 42 27 41 54 66 35 65 49 1 23 8 79
15 35 28 28 58 78 18 16 34 3 30 68 33 64 10 46
53 78 19 45 32 59 71 60 21 34 36 29 34 11 1 27 36 29 16 7 2 25 44 71 34 6 14 64 2 64 63 34 23 3 34 0 79 1 46 68 79 37 41 62 21 16 6 71 26 57 25 16 22 68
26 61 57 52 49 59 60 7 34 57 28 6 67 40 75 57 17 38 18 0 29 12 71 56 21 22 48
26 32 0 70 28 31 4 19 35 44 12 15 66 75 0 75 31 76 18 28 76 13 70 75 33 49 23
68 39 69 55 21 6 77 26 58 52 58 64 79 43 25 70 5 43 26 48 35 53 24 50 19 8 0 23 28 18 62 4 35 7 63 47 65 2 70 50 31 61 40 24 45 6 18 45 13 17 2 75 30 60 77 53 44 5 48 29 51 79 73 3 37 55 18 33 56
45 7 18 0 52 23 50 72 23 40 54 59 19 68 23 38 21 25 53 39 62 67 71 59 22 57 75 49 26 41 46 68 59 7 37 17 26 33 34 27 16 55 40 14 50 21
63 8 5 50 21 79 61 5 75 69 31 29 45 14 40 77 20 67 1 35 38 70 69 66 70 5 41 46 11 35 78 16 62 22 41 23 65 74 62 43 2 51 67 74 54 75 9 67 46 77 12 12 33 71 59 1 37 72 17 28 37 63 38 27
4 73 66 64 15
20 36 71 9 33 78 34 77 19 76 63 30 36 20 78 77 57 58 33 43 8
57 65 58 17 61 26 71 70 25 62 6 63 73 28 30 32 9 18 11 17 70 34 57 72 74 71 3 59 36 41 65 64 25 18 72 63 21 77 67 32 78 55 23 66 17 78 10 2 53 1 2 71 14 18 5 37 75 78
3 12 72 55
64 41 57 57 3 74 71 4 33 19 68 79 7 73 1 53 20 50 39 41 29 27 2 52 36 73 16 75 68 78 46 29 19 37 76 0 20 76 23 79 35 35 44 21 9 65 10 20 21 11 19 16 56 12 59 52 63 68 1 31 38 53 31 40 22
58 16 75 6 47 2 14 40 13 66 76 62 69 25 60 11 18 57 74 61 76 20 49 47 63 22 13 6 4 6 37 52 51 60 35 6 62 35 61 45 62 36 50 6 27 0 37 54 31 14 54 29 65 19 29 11 19 37 64
35 69 21 8 39 72 66 13 9 7 77 15 8 4 5 67 47 18 77 4 15 74 21 57 2 42 1 5 43 52 32 2 79 2 9 50
10 45 15 10 56 23 45 1 51 42 54
60 26 13 14 12 46 75 75 22 52 70 52 62 75 36 25 51 35 25 24 56 65 17 17 28 35 36 46 51 77 42 72 70 6 60 29 72 25 23 32 66 30 68 55 40 65 37 0 13 48 68 76 61 7 66 3 69 29 67 24 65
9 24 17 52 34 73 29 27 51 61
31 0 18 60 58 55 70 67 38 73 52 76 7 64 15 48 58 6 24 64 63 23 0 57 75 75 62 20 56 32 68 36
31 56 65 58 18 25 34 32 19 63 41 75 12 73 26 58 38 27 35 21 74 12 16 36 70 10 60 65 48 50 21 33
18 50 50 10 61 66 6 46 73 4 31 31 29 43 24 58 10 33 21
18 47 67 45 36 0 41 21 40 46 54 49 7 43 41 77 54 36 68
27 31 11 71 14 10 24 54 35 33 21 42 43 32 1 62 21 5 72 26 45 30 59 72 75 68 17 7
32 48 37 60 60 2 42 70 31 74 39 8 46 59 0 60 55 22 21 56 72 2 74 24 28 45 50 37 79 62 21 1 24
58 51 6 64 73 47 23 24 71 56 68 76 14 16 64 16 47 21 4 61 38 14 76 37 13 45 78 2 43 51 62 30 60 2 45 14 32 61 7 15 69 55 31 65 58 48 27 7 2 65 0 35 57 8 37 35 49 21 56
40 49 77 64 29 69 51 17 25 46 7 41 40 35 54 8 11 78 10 33 70 76 72 37 63 64 72 56 28 1 78 63 41 14 10 17 8 59 19 53 12
30 67 32 65 67 14 39 31 67 23 65 38 40 27 75 51 57 26 78 0 63 49 9 38 16 23 10 36 14 47 17
16 31 42 60 77 30 22 16 22 5 26 24 43 78 63 56 54
64 35 59 48 11 56 53 31 8 61 60 42 19 4 48 7 10 15 24 38 22 43 70 17 17 13 8 53 38 50 38 43 53 52 5 45 12 2 63 26 61 7 34 58 26 71 76 17 48 44 11 57 27 47 37 54 54 22 3 57 20 76 35 73 14
19 48 44 59 12 9 50 36 4 48 69 20 8 25 33 50 59 2 45 74
34 51 52 25 0 74 19 74 52 58 63 72 39 17 19 40 31 20 68 37 50 67 79 18 52 26 56 22 75 14 78 41 55 20 16
20 24 0 38 61 2 12 73 71 46 58 2 21 57 67 27 37 48 63 13 49
1 21
71 60 27 23 4 56 41 62 15 21 18 38 30 37 64 57 18 55 25 79 19 59 60 12 24 35 52 59 66 69 19 11 55 26 9 35 72 18 59 67 48 20 26 21 7 58 32 16 42 43 47 43 5 59 38 31 7 36 72 41 19 60 12 53 26 61 20 50 44 55 11 63
45 37 51 3 58 1 75 19 18 43 2 51 40 40 43 29 5 78 1 45 4 15 7 17 59 5 65 31 67 22 4 45 32 36 44 10 24 69 27 74 24 13 63 59 78 33
66 48 59 8 11 67 32 40 54 7 33 19 0 43 11 18 11 62 11 70 11 9 57 15 57 51 11 0 27 63 12 44 73 24 25 60 9 29 3 27 49 45 43 32 41 49 53 57 29 64 57 64 53 34 58 77 70 13 34 70 55 10 73 13 7 18 77
48 52 12 29 47 20 60 42 44 3 7 8 74 4 45 26 79 24 70 5 16 10 12 21 74 37 60 63 25 9 71 26 6 73 72 52 43 64 44 46 73 29 43 56 57 75 14 28 34
33 36 34 71 9 60 29 43 28 65 71 38 63 44 42 49 40 14 18 2 24 12 77 69 77 18 21 72 54 12 44 63 8 60
19 38 61 5 10 30 62 4 23 3 38 10 25 4 6 75 72 31 1 62
53 69 48 54 64 74 51 52 22 55 38 78 21 20 21 15 44 57 69 78 46 32 12 54 2 36 79 0 5 38 79 6 2 48 48 60 62 22 44 45 64 15 74 33 41 18 29 67 16 71 63 74 54 66
20 57 12 27 79 46 39 54 46 10 12 24 26 77 11 11 41 14 49 2 16
46 72 59 1 31 23 48 6 18 58 29 11 32 11 6 77 25 65 5 49 5 79 70 69 14 14 34 14 1 59 15 51 55 45 14 65 13 72 76 73 1 55 48 46 52 22 69
50 7 71 1 44 44 56 15 48 49 51 56 17 78 68 1 39 26 7 31 28 69 44 14 8 25 10 32 36 15 15 24 10 74 37 33 31 73 77 33 68 71 37 70 36 47 52 77 42 49 4
11 72 63 10 63 1 25 7 64 38 28 77
3 38 5 6
22 30 70 66 66 44 41 42 26 41 58 66 75 70 74 50 67 47 58 21 4 17 39
30 13 56 21 17 41 6 61 22 53 29 6 0 25 65 26 55 18 12 75 50 54 64 52 38 28 10 75 47 3 78
46 34 5 26 27 63 70 43 34 61 9 21 65 18 10 53 4 43 50 28 23 40 7 62 45 10 14 31 70 53 51 23 18 4 61 22 73 39 78 43 65 62 8 45 76 61 48
72 50 0 66 13 36 70 36 25 42 25 26 70 54 3 16 65 12 14 78 37 77 21 68 60 23 22 62 74 25 42 32 30 77 21 42 42 54 17 57 68 7 10 72 35 28 21 28 64 27 77 27 79 27 2 51 71 49 23 1 27 40 69 26 48 7 37 78 6 23 20 25 35
44 66 9 17 33 62 5 71 53 0 61 50 1 40 78 34 1 26 79 50 3 49 40 76 22 39 22 69 14 25 59 58 61 16 22 29 46 54 8 73 69 24 63 72 65
66 30 45 8 9 37 62 47 8 30 13 11 9 53 45 7 14 24 34 44 8 39 59 59 8 12 31 78 10 11 26 5 7 2 48 17 6 17 57 42 22 29 77 9 20 1 33 38 52 38 62 38 75 24 11 59 29 61 51 49 42 56 31 68 6 32 45
51 62 0 2 38 1 54 11 60 40 43 60 73 71 78 45 60 38 17 36 26 54 27 10 7 7 50 4 56 51 59 64 46 40 55 7 66 27 62 68 39 7 30 63 65 28 68 68 69 40 66 51
34 57 11 26 6 44 0 2 71 49 14 12 78 62 58 28 79 19 52 39 43 45 17 58 35 52 37 12 2 75 72 7 59 44 54
76 20 77 19 57 78 68 64 19 6 1 6 34 0 31 56 35 73 37 4 25 20 46 1 14 63 43 4 52 26 17 70 39 57 39 14 68 19 55 17 13 17 17 26 78 3 30 16 38 56 60 70 48 72 39 9 47 45 33 10 43 22 22 48 43 64 37 30 0 16 46 74 27 0 57 66 73
20 32 12 28 75 33 5 69 73 65 63 79 73 38 50 47 16 26 5 78 15
15 13 70 77 16 12 64 53 9 35 15 40 23 42 48 52
72 66 14 62 34 7 62 4 60 54 74 71 61 6 60 59 40 68 19 0 40 18 12 42 9 41 19 14 14 25 14 14 14 19 65 41 12 51 38 38 74 48 29 61 3 0 77 59 39 42 63 14 69 10 65 22 72 31 14 54 73 55 75 38 49 12 50 76 21 17 78 43 25
13 71 38 54 18 56 39 50 32 21 1 76 59 68
73 32 26 15 69 5 78 70 47 7 28 79 76 3 77 0 42 79 46 77 22 63 20 43 79 50 38 37 72 6 51 29 74 77 68 28 31 52 60 62 25 29 33 27 9 14 13 7 30 50 42 63 56 21 4 61 55 42 6 38 32 42 63 52 50 27 24 71 44 9 42 9 47 36
67 78 45 75 51 54 8 28 57 37 43 27 21 4 55 56 43 35 47 38 51 3 74 68 5 67 36 53 71 13 12 50 76 11 19 78 18 17 12 65 42 36 23 53 64 64 6 26 49 1 51 57 57 37 20 4 70 79 58 35 28 42 41 56 49 41 46 73
25 13 70 73 23 34 42 6 67 43 65 65 48 66 36 65 48 40 54 8 36 72 15 9 73 21
30 73 32 28 6 74 70 17 60 18 65 57 24 69 34 17 36 56 37 52 1 40 5 37 17 57 72 41 36 52 4
13 38 19 23 11 52 19 2 23 28 33 63 72 20
42 1 66 57 7 5 68 75 49 33 20 53 24 42 6 35 71 39 25 61 26 6 76 0 35 41 50 20 34 38 46 39 5 79 49 19 79 49 44 68 61 15 10
35 49 77 36 73 21 72 71 28 64 77 61 6 69 26 1 13 34 74 26 56 42 74 18 24 32 6 2 79 1 41 54 75 20 38 18
12 52 74 53 20 22 44 7 9 9 62 43 11
76 49 4 40 43 48 17 72 51 19 65 58 48 73 74 9 74 38 10 60 58 32 9 2 9 20 7 79 21 12 18 39 0 18 28 16 65 69 72 24 76 39 72 50 46 67 32 31 1 22 55 72 69 3 23 55 57 17 44 76 0 17 42 44 41 57 30 24 77 78 2 8 79 37 73 0 9
74 14 36 75 17 48 75 44 53 78 47 76 9 71 60 35 40 74 51 34 58 54 16 51 43 15 15 69 32 63 13 15 52 49 7 12 62 57 71 33 76 54 0 66 76 16 55 74 32 3 28 10 65 72 62 47 58 39 58 34 42 44 52 43 55 8 16 50 12 4 13 53 39 26 57
24 36 58 4 45 51 42 36 19 59 45 27 0 13 16 51 79 60 56 10 11 70 31 47 18
19 77 25 34 47 12 52 77 18 58 8 69 30 35 45 8 69 37 54 23
53 40 56 40 25 24 62 17 47 52 37 49 10 11 70 41 30 67 44 30 62 13 37 52 76 69 16 65 58 69 49 4 40 18 38 25 26 7 64 32 19 23 64 40 34 73 35 66 74 13 40 29 2 41
39 30 16 42 60 59 7 49 4 44 16 38 70 70 72 15 79 24 72 66 63 10 59 37 73 62 21 19 10 73 35 13 66 17 67 39 52 49 2 61
59 9 21 77 5 39 17 63 21 54 53 54 46 26 40 76 4 0 70 46 35 3 58 6 29 25 65 71 30 33 8 44 2 23 20 12 2 23 65 76 77 43 4 61 37 75 49 16 76 61 38 0 13 27 37 43 35 77 78 51
36 10 15 23 7 72 27 6 64 40 27 64 6 69 67 7 45 13 13 31 56 41 38 1 24 36 63 46 42 75 77 48 24 30 51 5 59
47 14 13 47 77 7 79 41 73 63 73 7 76 70 8 40 22 32 61 38 57 14 20 1 56 33 34 49 74 16 4 4 63 60 18 67 54 27 5 16 54 0 61 24 31 50 32 49
4 38 7 14 37
56 28 40 63 27 75 71 3 19 15 72 22 58 31 65 20 46 61 46 72 14 77 10 22 68 63 5 72 28 23 30 27 26 23 60 27 67 26 61 6 6 55 29 46 13 58 38 35 60 29 5 12 73 5 65 35 3
46 35 45 20 79 9 39 44 4 20 12 21 76 4 64 66 73 77 22 49 63 33 34 46 76 7 18 65 19 12 50 63 12 24 29 72 14 41 51 31 28 51 29 64 16 15 79
37 26 26 17 53 2 27 43 38 0 76 77 42 62 63 32 11 36 36 62 27 16 30 4 15 48 62 76 44 17 64 28 4 46 0 11 70 42
13 30 34 14 12 0 55 71 39 0 52 23 28 72
47 14 28 71 13 75 26 22 59 65 4 41 3 26 8 4 1 14 79 44 57 33 73 26 37 63 70 70 15 22 30 47 6 15 75 44 9 54 54 7 15 13 9 34 64 43 12 22
35 19 65 78 37 30 52 24 58 74 12 39 67 18 33 40 50 70 59 36 60 58 68 37 3 49 43 14 78 63 31 40 37 29 2 20
28 31 58 72 12 13 23 5 64 31 45 70 55 5 33 4 23 37 42 27 68 3 50 0 67 12 55 13 9
6 51 18 16 70 55 36
19 5 11 8 4 51 1 3 3 42 43 65 71 67 3 13 28 27 0 78
19 28 59 0 70 31 30 64 23 67 20 22 77 16 37 47 7 1 0 3
33 78 46 48 73 66 44 17 12 57 77 17 73 61 71 19 17 61 60 23 74 35 35 49 8 79 24 17 61 33 37 1 61 31
53 38 49 11 59 38 19 33 65 59 25 64 66 47 51 41 40 71 67 41 26 79 7 56 23 42 0 14 1 23 66 3 75 53 49 33 65 76 37 62 45 43 47 51 28 24 61 66 57 17 47 15 59 75
45 39 12 54 64 18 40 51 74 60 28 47 69 4 64 19 6 51 13 66 68 5 8 10 23 11 54 72 58 34 55 5 45 78 2 37 1 40 64 51 76 6 70 33 45 19
33 2 64 71 28 6 56 29 24 3 21 66 47 12 42 73 33 41 70 7 66 8 52 51 66 46 24 0 51 69 5 67 77 79
1 79
10 16 41 9 31 45 46 74 74 48 28
17 41 76 23 68 32 5 4 28 32 26 74 49 45 47 21 23 23
10 64 60 70 67 28 47 27 14 0 57
26 15 27 2 26 14 54 26 3 14 21 15 40 1 54 57 9 28 78 36 51 60 6 59 62 8 61
11 0 6 29 53 61 60 40 9 74 59 56
75 17 71 67 6 29 71 77 18 65 34 54 1 60 28 49 68 15 75 2 76 45 30 28 47 16 39 56 0 43 46 9 38 20 36 59 5 63 55 1 48 76 77 5 43 72 48 24 47 73 50 13 22 52 54 10 73 11 2 76 3 3 46 44 61 20 27 21 12 48 22 72 45 78 65 43
23 42 79 13 5 54 42 15 19 18 78 2 48 11 31 66 1 4 79 65 57 41 3 54
34 66 30 7 64 34 50 0 48 65 6 52 35 16 79 6 3 48 32 36 37 1 43 14 73 61 17 17 54 60 61 30 2 56 49
28 44 77 21 9 52 78 38 48 19 10 64 57 41 30 5 4 65 79 9 53 32 63 72 40 5 69 43 15
72 21 11 46 7 11 55 67 13 25 53 10 17 65 3 44 50 21 73 12 42 9 26 46 66 6 29 10 28 68 33 28 31 11 16 27 79 16 49 15 14 54 15 78 33 2 26 78 78 7 57 78 64 41 27 20 22 58 42 25 17 17 74 41 70 75 4 54 66 22 61 9 54
23 46 18 54 58 57 58 40 47 12 5 37 40 21 65 32 67 55 48 18 51 70 58 40
17 22 55 63 52 64 8 38 51 79 14 44 8 22 30 19 7 50
67 60 2 23 60 9 29 69 51 48 66 39 54 35 46 4 38 74 79 71 31 8 31 33 20 73 68 39 43 24 17 76 2 78 52 23 18 37 79 63 7 66 62 57 63 51 75 58 12 63 15 63 24 6 38 19 16 59 79 67 64 36 37 43 27 52 42 48
30 79 60 19 17 54 67 38 51 14 52 76 76 25 64 39 65 63 12 59 19 75 39 16 70 66 25 43 29 57 14
35 24 7 50 13 16 67 42 2 17 66 67 72 8 50 33 48 51 69 7 28 46 55 45 35 9 49 65 16 55 28 45 59 45 36 49
9 6 32 42 32 75 71 20 78 49
47 68 3 50 3 23 40 31 15 55 29 14 0 35 73 8 22 38 58 47 21 32 20 10 69 31 69 41 55 46 35 56 44 12 38 48 11 27 17 42 30 47 74 30 71 16 28 51
4 63 68 75 31
41 74 31 13 56 55 59 28 60 75 77 35 28 37 42 26 3 48 0 19 60 78 59 29 65 77 66 16 64 77 12 41 15 39 25 71 27 41 8 47 40 53
79 75 31 46 46 26 16 34 79 3 19 59 23 24 30 57 5 34 73 58 28 48 31 26 36 28 1 26 17 16 11 62 9 24 42 78 37 1 44 66 45 39 36 22 77 23 8 28 50 59 64 42 60 12 40 26 47 27 30 45 56 49 21 0 71 30 71 7 27 27 3 69 25 36 77 45 47 8 20 41
65 15 48 11 49 4 6 48 67 22 14 66 6 12 5 13 33 70 49 56 21 63 56 1 38 33 7 10 60 51 12 65 79 53 43 68 39 63 44 69 12 62 45 48 78 52 15 66 53 1 59 42 45 51 30 5 11 45 42 5 26 38 25 75 50 77
25 48 73 28 13 27 2 56 68 2 56 52 65 44 63 22 47 68 74 1 46 4 47 35 7 40
61 38 12 54 34 6 68 73 22 34 20 52 65 54 71 21 62 15 30 62 30 13 65 57 61 30 65 16 12 13 55 69 58 10 15 66 43 5 26 57 71 4 0 30 4 33 41 61 62 7 32 47 30 65 26 32 0 65 35 17 28 13
20 30 11 53 24 34 22 5 30 27 14 31 64 32 66 15 40 71 22 41 53
66 31 26 24 4 11 2 55 18 52 6 65 16 71 67 64 18 77 45 73 23 50 68 17 26 38 36 73 13 74 55 52 4 74 34 24 49 68 53 10 32 13 77 50 66 70 15 32 0 49 11 3 36 73 1 32 35 5 19 27 74 52 69 64 6 58 35
37 66 8 44 48 37 28 77 39 46 65 57 22 45 3 20 14 57 56 31 45 65 52 55 65 9 9 79 8 57 26 9 4 18 56 11 72 44
50 49 26 60 6 55 13 26 20 6 2 8 69 63 53 46 40 9 43 54 78 47 61 33 30 12 51 10 25 27 8 40 9 47 53 10 61 31 13 18 25 8 62 71 70 23 43 71 24 26 76
62 75 32 66 29 50 75 41 19 75 4 21 34 18 74 47 8 32 53 64 3 31 51 18 31 39 11 64 14 63 0 9 17 0 45 19 75 5 59 20 5 29 58 32 65 26 18 78 32 13 26 16 16 71 53 13 13 76 3 15 57 71 56
70 53 79 57 45 79 15 18 5 3 59 51 33 54 74 47 38 51 42 65 19 44 8 4 54 45 63 59 76 13 66 26 34 15 28 63 60 72 31 69 2 66 43 54 9 59 38 64 18 34 11 53 28 52 60 66 57 79 45 71 48 46 24 71 66 6 42 39 65 35 60
49 35 14 57 47 5 70 32 49 37 53 67 34 56 3 44 4 3 6 48 54 70 78 52 72 56 63 65 76 17 74 74 64 44 32 10 74 7 64 75 65 54 61 21 77 49 2 39 35 15
78 48 64 79 44 35 41 77 30 17 49 48 48 14 16 72 21 70 78 54 14 70 2 20 52 21 55 31 33 71 75 28 45 22 76 62 39 8 6 35 18 32 62 16 32 77 24 24 64 44 78 15 60 48 21 72 30 66 73 64 6 1 13 65 36 62 75 23 62 24 53 42 34 39 28 2 42 67 78
40 33 7 24 2 72 29 28 46 47 26 71 28 55 53 3 24 29 64 22 72 17 17 40 43 20 14 21 10 61 33 26 45 64 30 4 66 58 70 75 50
67 60 74 54 51 11 0 59 46 21 4 37 59 79 73 47 75 3 54 48 3 56 35 28 64 23 16 72 37 57 45 22 54 37 29 51 1 28 17 15 66 0 43 62 9 3 69 52 63 19 47 22 2 3 57 66 0 55 15 15 32 69 73 53 76 64 4 48
52 66 46 16 66 54 49 69 53 27 69 74 12 5 9 58 47 13 67 11 7 33 6 19 68 24 50 42 26 44 67 59 8 51 47 62 76 64 77 70 58 49 19 1 26 16 32 68 0 20 75 57 69
14 25 53 52 38 76 13 70 71 74 45 67 31 15 26
27 64 33 32 19 46 2 11 79 24 43 65 55 39 46 55 7 32 65 10 16 11 53 24 28 34 67 69
49 44 75 72 25 60 79 10 77 0 8 77 35 8 43 24 68 13 52 6 24 65 67 44 77 44 63 79 51 37 75 1 56 7 74 27 51 61 32 75 53 72 11 29 10 12 28 47 79 26
10 39 75 60 39 42 5 74 55 30 3
42 71 49 17 78 62 27 16 18 28 66 40 26 17 44 49 4 19 62 43 30 47 78 47 68 46 7 13 28 62 75 4 37 9 69 28 56 39 71 4 56 37 39
57 43 48 71 40 35 54 56 4 30 1 34 30 43 25 46 62 68 14 15 12 53 25 69 39 8 29 77 62 31 37 0 45 57 29 29 8 34 54 45 18 7 48 30 72 43 28 48 77 55 19 69 0 77 62 38 50 15
62 50 72 75 49 5 5 3 61 18 26 18 10 74 35 37 53 26 10 22 40 78 22 6 70 57 25 49 56 54 1 15 22 39 44 77 76 29 13 74 26 0 64 15 72 14 49 49 41 5 34 43 54 31 67 59 51 63 59 70 38 30 36
44 60 35 4 28 71 5 5 31 4 8 3 63 74 56 23 2 20 68 23 26 65 57 53 47 12 11 38 42 3 32 56 46 66 79 14 38 58 2 61 18 0 39 23 75
20 23 45 10 16 47 15 34 28 6 72 40 58 33 66 3 13 69 67 57 78
44 0 58 60 9 44 72 34 52 30 68 44 0 14 32 39 46 4 47 78 63 73 51 32 42 37 31 33 1 10 21 13 19 11 56 10 12 36 44 62 49 9 7 28 49
16 18 11 1 70 48 37 15 15 7 61 60 30 3 15 36 78
31 33 65 45 45 58 65 71 61 76 38 43 19 68 77 64 47 22 37 65 38 7 67 25 72 25 37 11 49 44 46 55
48 51 47 53 31 36 48 74 22 78 13 2 41 63 76 59 24 54 71 69 56 8 3 66 0 63 47 14 49 72 4 3 11 45 58 25 37 31 21 79 68 45 73 13 33 46 48 9 45
37 24 64 19 18 31 22 46 47 58 69 75 8 79 11 24 24 36 16 45 11 44 51 56 13 21 67 62 59 71 68 18 74 63 70 52 71 34
68 15 28 52 8 77 33 65 15 22 49 69 79 46 33 67 33 77 42 75 63 39 45 0 1 26 51 77 10 17 19 4 43 50 22 23 27 51 48 77 50 34 65 44 38 55 63 34 40 17 1 51 62 52 6 12 13 59 76 3 45 77 78 26 13 0 73 74 68
27 3 8 69 19 73 35 8 29 58 33 18 46 19 1 11 73 31 72 37 4 63 71 23 52 48 75 59
75 29 9 42 20 5 71 35 38 9 57 58 59 49 46 76 48 25 25 15 49 15 37 41 44 0 10 36 40 62 10 23 79 35 18 22 17 30 72 8 73 63 78 5 22 44 41 3 39 21 55 52 45 67 56 4 33 23 25 62 72 41 11 43 51 59 47 39 23 38 30 15 42 17 64 37
10 17 49 79 30 57 72 77 40 71 24
3 9 44 46
47 15 68 78 75 7 55 29 63 7 0 5 19 44 67 78 54 11 63 24 28 23 6 52 15 33 0 5 6 46 45 37 71 72 29 14 73 62 77 36 72 11 32 63 59 36 49 54
17 20 53 21 60 74 3 79 26 36 47 54 24 15 56 18 35 18
50 27 63 29 49 20 24 53 22 52 28 75 77 22 58 42 79 62 34 66 74 16 19 65 11 64 49 45 49 10 14 15 44 50 26 49 40 27 54 4 3 40 37 45 76 46 45 56 29 23 8
19 35 59 16 69 32 40 70 59 13 8 70 4 73 73 46 70 7 42 39
4 19 62 5 29
35 37 51 52 18 9 50 32 69 12 41 4 51 61 7 17 23 39 34 42 40 70 78 48 25 34 48 64 76 19 3 77 17 17 46 55
60 11 61 46 63 13 60 8 24 55 47 16 20 12 60 33 15 23 26 58 7 35 57 75 65 17 46 23 7 76 4 2 62 58 73 70 55 51 11 43 21 14 2 42 72 18 73 10 30 41 36 79 13 21 6 53 29 23 78 14 37
42 55 14 1 74 48 40 70 44 46 47 36 79 47 25 20 3 29 42 39 62 49 64 54 61 77 74 39 10 12 77 65 51 20 68 37 45 19 28 30 76 42 33
18 44 22 38 78 66 28 27 76 60 63 75 43 0 39 12 13 26 33
17 55 20 23 46 57 33 37 71 64 16 62 32 0 28 16 39 69
75 41 6 55 33 40 18 57 17 14 8 17 55 55 65 72 50 28 46 73 19 65 26 14 61 64 79 22 37 37 5 72 19 40 73 18 46 15 30 65 35 52 43 76 44 38 38 35 25 41 60 34 23 28 19 29 30 55 37 30 70 10 64 25 74 56 17 22 55 3 63 7 49 29 58 71
28 79 34 61 1 49 48 14 43 74 69 47 28 21 71 59 61 46 58 6 18 56 21 8 18 2 76 79 60
69 61 2 49 8 48 49 7 8 22 26 24 4 65 28 14 49 16 16 55 1 47 64 1 27 57 79 37 49 11 72 6 56 27 43 2 32 57 72 36 49 54 77 22 54 74 23 22 42 57 79 2 56 77 67 36 44 28 79 56 33 71 10 70 47 41 66 23 23 64
19 14 37 21 30 47 28 43 62 30 36 79 55 15 67 18 60 31 77 14
2 8 69
1 20
49 60 1 23 60 59 65 60 49 33 51 60 6 42 43 50 78 45 21 18 26 39 73 62 67 12 35 70 37 64 75 15 8 67 76 36 28 51 1 18 64 66 59 59 50 66 18 64 17 51
27 46 23 41 17 45 65 13 12 36 63 48 21 36 59 30 0 19 61 44 20 25 70 21 18 39 58 48
12 51 27 52 41 29 1 28 25 34 33 53 38
65 78 34 23 6 73 4 53 49 8 31 22 2 24 20 16 56 56 16 42 77 42 21 39 61 47 2 55 31 24 15 28 16 44 28 70 54 39 9 37 68 69 69 31 23 60 70 59 69 10 19 63 48 50 24 45 69 79 40 54 33 58 65 32 64 25
64 44 42 29 54 42 33 66 5 1 8 7 29 1 4 74 18 75 5 43 1 15 68 34 13 5 59 61 57 71 44 28 36 51 20 1 77 4 0 49 40 79 63 28 8 11 21 15 79 21 72 51 34 47 66 31 8 43 47 63 65 45 16 38 65
36 65 4 54 46 47 5 22 7 70 43 4 50 61 19 29 76 9 12 69 76 58 72 45 36 35 76 13 55 71 37 16 0 66 43 33 37
65 43 5 33 36 71 34 48 48 46 37 5 61 69 20 49 12 51 14 26 40 21 13 66 79 0 69 16 68 72 70 11 28 44 7 43 79 16 46 35 11 7 15 70 41 69 25 22 62 59 21 5 23 53 37 73 12 40 54 73 5 41 27 19 61 74
10 2 16 74 27 10 48 46 67 14 29
53 24 68 55 19 9 61 77 1 18 79 62 2 52 53 77 35 10 64 73 29 53 14 18 79 46 54 72 73 58 28 49 5 66 3 39 14 76 4 52 36 34 36 52 40 65 34 49 63 25 10 22 39 59
3 20 20 2
78 35 56 79 16 62 11 65 33 25 18 45 17 48 23 9 78 20 19 61 65 24 39 71 66 68 40 29 60 7 27 0 49 19 17 43 33 32 56 50 39 79 59 33 78 67 46 4 31 47 8 79 40 32 4 33 2 10 3 16 48 44 51 4 47 26 50 15 24 25 34 66 18 5 52 32 72 1 57
45 46 64 5 79 45 0 63 58 35 35 37 43 57 34 26 78 55 68 56 3 77 66 67 15 0 4 14 52 56 30 59 33 53 25 24 45 11 54 33 21 65 25 6 17 62
19 57 43 74 8 25 26 54 29 13 28 79 66 25 4 20 78 1 45 12
35 6 50 3 4 23 51 76 18 77 53 11 78 43 13 68 60 33 4 29 30 50 70 24 70 36 34 48 12 1 5 29 52 56 57 15
48 42 39 54 57 9 1 60 20 30 18 78 68 38 69 71 22 7 38 49 34 59 18 48 15 23 41 2 42 77 62 21 49 58 34 24 28 43 2 46 29 17 56 64 21 78 68 51 8
32 43 8 11 37 74 78 29 42 76 44 37 5 71 4 3 64 70 51 32 59 73 34 58 19 64 77 9 79 0 60 8 62
37 42 5 34 75 71 9 78 8 2 6 62 22 17 55 6 42 7 17 36 10 46 33 41 76 0 42 16 6 64 57 41 54 10 26 42 0 44
42 35 57 57 12 52 15 69 67 26 6 58 23 60 9 38 31 29 75 18 6 35 45 26 12 16 64 56 17 36 12 57 10 9 9 45 7 23 27 2 72 64 15
29 74 60 44 12 55 4 0 12 6 27 76 1 54 15 62 54 21 21 70 44 69 11 74 28 54 38 3 55 16
18 63 6 26 36 62 75 65 40 65 28 47 52 51 7 54 14 31 27
37 45 45 26 43 51 2 45 30 63 33 73 56 73 58 24 69 20 71 63 0 76 35 36 8 26 41 15 76 65 20 29 47 35 73 0 44 35
70 68 47 26 51 2 50 38 18 42 53 7 28 74 39 35 67 66 1 13 53 30 37 9 16 26 45 60 79 12 18 30 15 14 2 19 47 1 65 5 19 5 5 9 8 40 53 76 16 24 23 49 4 54 37 17 74 1 46 61 29 43 26 5 65 49 36 54 54 44 71
4 10 56 33 66
58 49 30 33 57 38 40 26 73 8 1 40 35 52 7 42 27 21 14 15 10 17 12 72 61 72 55 72 27 9 61 43 17 28 53 47 29 71 31 72 61 51 30 32 35 29 31 17 42 59 74 0 7 17 4 28 2 77 5
49 25 40 47 48 21 64 16 23 39 7 6 23 9 59 46 54 4 39 7 7 53 54 10 31 30 66 30 58 9 43 57 15 15 48 45 42 39 7 56 35 34 51 0 2 5 71 1 7 6
27 9 65 16 5 59 69 8 5 77 53 8 36 35 42 28 42 41 59 39 19 47 34 69 32 76 0 44
50 32 64 0 23 19 39 56 48 34 26 17 42 62 40 78 4 1 10 35 5 34 44 7 14 37 19 15 16 71 20 21 16 44 70 5 35 63 43 23 12 29 47 16 0 55 76 57 30 24 47
43 9 43 55 47 73 55 48 29 44 75 30 42 48 27 12 9 73 19 64 71 21 74 38 53 32 71 47 29 11 73 75 6 75 13 74 44 50 27 65 53 41 11 41
18 9 35 56 14 13 64 4 11 39 43 26 15 31 75 68 10 18 16
27 19 59 72 25 52 69 12 61 5 13 79 4 64 24 26 60 74 40 59 48 23 60 20 3 12 78 68
56 55 63 32 66 2 8 60 46 62 34 10 49 18 51 51 11 21 56 68 58 62 29 63 11 30 34 15 78 45 57 31 51 44 27 60 18 39 1 19 61 42 63 53 79 51 49 35 66 0 65 55 48 28 12 52 52
60 37 17 59 18 45 57 1 34 22 71 70 9 74 46 57 56 76 69 7 32 35 32 25 4 61 54 13 30 50 4 32 60 57 8 63 26 79 37 17 14 19 47 49 72 5 29 62 11 49 10 73 41 65 46 40 73 72 78 67 54
28 6 28 77 20 56 13 46 24 19 60 19 71 67 23 42 7 77 17 50 4 15 13 74 74 58 41 54 1
33 62 72 34 26 44 3 39 59 13 26 38 27 60 13 77 45 37 66 14 57 39 16 52 12 62 5 28 33 55 11 11 10 66
7 30 21 77 57 55 48 4
51 51 74 0 67 7 35 61 31 14 13 65 10 79 9 0 21 50 62 42 53 65 29 18 27 56 51 75 10 6 18 35 29 52 28 34 32 74 11 52 30 73 6 52 58 74 29 30 33 34 18 0
74 72 58 37 50 25 12 75 63 42 70 45 57 28 32 6 25 43 26 28 20 28 37 63 53 52 26 75 41 77 20 43 46 65 40 50 52 47 64 23 71 39 3 45 5 4 64 68 52 9 75 27 7 46 76 30 38 3 8 24 2 5 47 78 16 4 3 43 31 24 69 5 28 27 3
50 65 65 11 53 40 35 64 60 36 75 50 36 57 61 78 33 19 3 16 76 30 2 32 48 18 13 58 1 57 13 50 0 9 42 51 69 5 78 6 55 19 61 31 67 68 31 15 74 38 21
8 71 47 21 18 10 64 35 16
63 64 32 7 7 6 15 23 77 16 33 76 35 36 15 0 22 11 56 19 46 41 58 17 67 25 71 61 35 30 19 74 11 7 12 23 29 60 33 67 29 16 30 53 19 55 21 2 43 12 48 16 10 52 9 29 37 50 70 46 8 47 3 50
25 72 8 27 52 25 15 6 39 40 24 19 3 13 52 40 51 47 41 59 37 44 60 78 16 36
50 79 19 1 40 48 31 14 37 35 27 75 42 33 46 37 16 27 11 52 20 50 76 73 14 8 45 3 74 60 1 53 53 4 63 74 63 73 18 23 49 36 60 65 78 65 18 47 32 7 14
79 62 78 16 25 14 60 35 56 20 51 2 56 19 60 37 14 72 33 8 37 10 51 20 65 73 35 28 9 5 60 15 42 74 26 47 23 31 0 52 56 62 26 74 0 11 21 14 26 40 62 5 73 63 52 28 51 26 76 50 33 75 0 1 12 37 73 56 1 13 35 19 64 48 27 10 26 51 21 72
30 16 10 26 39 24 48 18 61 36 34 19 7 66 69 37 17 0 45 25 78 12 56 52 43 29 16 29 1 13 76
78 5 48 11 43 10 77 5 65 38 45 5 52 2 78 55 69 75 68 21 22 24 38 72 16 75 21 64 0 9 15 31 19 37 38 44 61 74 15 23 44 64 62 44 59 36 13 8 74 21 66 34 31 41 19 29 72 67 43 56 6 70 65 68 46 17 79 8 71 55 25 24 24 53 76 39 54 31 13
78 53 30 59 65 26 31 78 10 13 25 13 28 28 32 51 14 73 73 56 63 27 6 28 33 59 78 53 24 63 73 46 32 17 34 74 63 45 55 24 7 4 64 32 41 67 61 34 49 33 39 28 22 42 53 42 73 65 31 14 45 12 0 34 17 77 23 61 31 65 26 48 56 54 36 51 45 66 52
5 57 32 39 65 78
52 77 6 71 10 10 0 68 31 15 1 6 32 41 14 66 69 65 50 50 34 78 6 52 75 62 70 4 16 16 0 78 74 65 40 19 26 36 52 1 32 19 1 25 76 79 67 12 10 75 1 8 26
45 55 39 30 79 53 63 19 30 49 13 39 79 34 21 64 64 55 8 37 63 34 13 69 74 30 67 5 58 2 3 61 40 13 45 57 27 73 24 11 43 43 24 78 1 36
4 62 25 31 10
42 52 14 41 79 34 13 59 21 73 22 12 56 33 43 55 27 58 44 20 7 56 42 45 68 63 68 67 36 44 4 44 19 32 3 55 14 69 71 51 19 49 75
28 28 56 12 50 42 3 74 12 13 32 65 60 2 50 4 69 32 29 50 38 57 5 11 13 30 57 20 20
65 9 35 22 37 3 25 30 74 37 31 17 66 40 77 59 0 27 10 36 79 36 44 10 14 71 76 7 2 61 15 79 19 50 79 8 78 51 76 63 0 38 46 63 74 25 6 6 72 29 55 33 17 9 59 8 73 22 58 66 38 79 49 19 42 50
1 67
6 34 40 60 53 17 6
24 62 7 71 50 11 35 0 72 2 53 76 44 77 62 65 54 16 64 10 36 43 20 22 79
40 11 43 1 20 65 31 27 50 74 66 59 78 13 46 0 22 41 76 31 75 33 29 51 23 47 67 9 1 59 64 30 42 3 54 10 74 12 68 50 73
54 17 35 77 71 32 12 21 10 46 18 78 3 68 66 68 71 14 71 71 24 64 61 51 8 20 14 17 21 34 75 24 21 5 34 3 38 50 64 12 58 66 45 54 6 12 18 39 29 57 12 57 1 45 55
63 61 4 28 17 22 60 66 22 16 46 49 37 8 40 58 24 55 37 39 29 23 25 50 77 61 70 8 75 17 45 3 55 59 49 51 26 63 11 73 55 51 51 5 52 1 31 63 9 15 77 44 21 26 8 18 6 48 52 52 64 55 10 43
41 43 68 3 20 13 16 39 37 36 24 76 53 45 78 45 21 60 57 9 21 43 65 31 45 34 46 60 62 64 76 36 1 9 72 30 8 72 11 46 7 56
10 71 26 65 36 75 67 41 50 19 15
33 11 71 36 36 75 55 21 18 50 71 21 35 78 12 20 70 29 73 41 8 32 26 70 25 3 10 79 35 63 73 41 47 61
16 21 10 44 0 71 20 23 34 9 17 1 0 51 61 11 46
4 30 45 37 75
63 37 39 52 9 67 38 69 49 17 74 5 6 18 78 65 1 52 79 28 68 57 8 6 6 57 55 61 74 42 78 57 61 7 19 35 45 60 31 24 61 49 67 68 48 8 64 43 5 70 63 1 74 65 57 27 55 19 8 57 68 68 65 20
23 68 73 45 0 20 56 7 48 61 48 63 35 62 28 41 33 72 22 12 40 19 57 45
58 74 24 33 13 16 23 46 74 1 72 3 55 75 55 4 25 11 64 13 58 16 79 31 15 38 60 3 10 62 0 26 24 39 48 78 78 70 36 16 16 56 16 64 40 69 56 45 14 67 31 71 68 59 62 0 58 25 2
42 31 0 67 66 19 19 5 44 35 7 2 12 20 7 71 50 4 55 37 43 56 45 6 18 1 40 50 72 55 44 38 34 21 25 63 16 12 78 15 65 44 76
65 17 62 71 15 72 62 63 32 28 27 70 18 42 78 53 49 63 79 42 49 1 67 27 1 71 16 55 34 14 55 69 60 41 46 65 13 3 27 26 51 17 15 34 65 7 30 61 33 67 55 50 65 41 69 46 0 51 53 5 60 5 75 68 11 41
37 6 45 73 38 46 48 14 26 10 18 22 26 74 51 62 79 76 38 79 57 10 35 58 52 8 14 45 75 63 72 77 62 11 71 37 6 66
1 74
44 31 74 72 25 69 43 72 18 10 45 76 71 70 75 64 31 55 74 14 52 50 73 15 36 34 17 77 46 18 24 20 49 24 78 32 16 20 71 18 17 10 28 75 1
38 17 15 55 0 13 41 44 79 73 6 72 34 30 33 73 40 75 24 45 5 78 18 23 66 37 30 36 46 44 12 8 33 16 31 59 7 46 67
49 76 17 18 79 2 12 49 43 59 7 66 76 61 35 69 24 2 48 13 3 65 40 15 57 75 32 69 46 35 5 19 50 56 77 31 10 71 1 35 27 47 59 67 57 49 59 4 23 69
