508
1 14
2 37
2 75
2 14
3 54
3 46
3 37
3 28
3 5
3 60
3 57
3 44
3 63
3 40
3 69
3 25
3 27
3 73
3 33
4 50
4 79
4 7
4 72
4 47
4 19
4 34
4 68
4 9
4 66
5 22
5 10
5 20
5 39
5 17
5 37
5 28
5 3
6 57
6 16
6 48
6 72
6 37
6 35
6 55
6 58
6 28
7 15
7 47
7 50
7 4
7 79
7 9
7 66
7 38
7 34
7 72
7 68
7 19
8 72
8 56
9 37
9 38
9 35
9 28
9 47
9 50
9 19
9 79
9 66
9 7
9 72
9 4
9 68
9 15
9 34
10 5
10 37
10 22
10 20
10 39
10 17
11 42
11 72
12 14
13 43
14 37
14 80
14 41
14 65
14 32
14 24
14 12
14 2
14 75
14 1
15 79
15 72
15 7
15 19
15 48
15 57
15 33
15 37
15 59
15 68
15 9
15 34
15 66
15 26
15 38
15 76
15 23
15 77
15 29
16 6
16 35
16 48
16 72
16 57
16 55
16 58
17 22
17 10
17 20
17 5
17 39
17 37
18 44
18 57
18 48
19 15
19 38
19 68
19 50
19 79
19 9
19 34
19 72
19 47
19 4
19 66
19 7
20 5
20 37
20 22
20 10
20 39
20 17
22 5
22 37
22 10
22 20
22 39
22 17
23 15
23 77
24 14
25 3
25 63
25 40
25 69
25 27
25 73
25 33
26 59
26 77
26 15
26 29
27 3
27 63
27 40
27 69
27 25
27 73
27 33
28 30
28 59
28 72
28 9
28 6
28 35
28 55
28 44
28 58
28 64
28 57
28 46
28 31
28 3
28 5
28 37
28 43
29 37
29 59
29 15
29 77
29 26
29 36
29 45
30 37
30 28
30 59
31 28
31 37
32 14
33 59
33 15
33 3
33 63
33 40
33 69
33 25
33 27
33 73
34 47
34 50
34 19
34 79
34 48
34 38
34 7
34 72
34 4
34 68
34 9
34 66
34 15
35 9
35 16
35 48
35 6
35 28
35 44
35 37
35 55
35 58
35 57
36 29
37 29
37 77
37 66
37 9
37 72
37 30
37 6
37 35
37 55
37 58
37 15
37 78
37 64
37 57
37 44
37 59
37 22
37 10
37 20
37 5
37 39
37 17
37 31
37 61
37 46
37 3
37 28
37 43
37 53
37 70
37 14
37 75
37 2
37 67
37 60
37 62
38 79
38 72
38 19
38 66
38 9
38 7
38 34
38 68
38 48
38 52
38 15
39 22
39 10
39 20
39 5
39 17
39 37
40 3
40 63
40 69
40 25
40 27
40 73
40 33
41 14
42 11
42 72
43 13
43 78
43 28
43 37
44 74
44 28
44 35
44 55
44 58
44 18
44 48
44 37
44 59
44 57
44 3
45 76
45 29
46 28
46 3
46 37
46 54
47 9
47 72
47 34
47 7
47 4
47 19
47 66
48 34
48 6
48 35
48 55
48 16
48 58
48 38
48 15
48 57
48 44
48 18
50 68
50 4
50 19
50 79
50 9
50 66
50 34
50 7
50 72
51 57
52 38
53 37
54 3
54 46
55 48
55 72
55 16
55 6
55 28
55 44
55 37
55 35
55 58
55 57
56 8
57 6
57 72
57 16
57 35
57 55
57 58
57 18
57 59
57 48
57 15
57 28
57 37
57 51
57 76
57 3
57 44
58 48
58 72
58 16
58 6
58 28
58 44
58 37
58 35
58 55
58 57
59 29
59 77
59 28
59 30
59 26
59 57
59 33
59 15
59 64
59 37
59 44
60 3
60 37
61 37
62 37
63 3
63 40
63 69
63 25
63 27
63 73
63 33
64 28
64 59
64 37
65 14
66 37
66 38
66 68
66 50
66 79
66 9
66 7
66 72
66 47
66 19
66 4
66 34
66 15
67 37
68 19
68 66
68 79
68 50
68 38
68 7
68 72
68 4
68 15
68 9
68 34
69 3
69 63
69 40
69 25
69 27
69 73
69 33
70 37
72 37
72 15
72 38
72 28
72 47
72 50
72 4
72 19
72 79
72 9
72 66
72 7
72 34
72 68
72 57
72 55
72 16
72 58
72 6
72 11
72 42
72 8
73 3
73 63
73 40
73 69
73 25
73 27
73 33
74 44
74 77
75 37
75 2
75 14
76 15
76 45
76 57
77 37
77 59
77 26
77 23
77 15
77 29
77 74
78 37
78 43
79 15
79 38
79 68
79 50
79 4
79 19
79 9
79 66
79 34
79 7
79 72
80 14