581
60 7 3 52 41 11 9 21 69 18 43 1 31 4 79 32 6 4 48 77 56 31 35 12 59 70 52 69 29 39 49 49 60 28 55 23 55 51 1 27 39 58 48 68 72 18 60 42 29 60 13 68 21 45 41 74 39 6 63 56 69
71 21 63 31 1 62 71 59 75 59 47 14 51 30 26 26 79 39 23 50 56 35 14 41 1 10 71 57 78 63 39 58 42 13 56 32 32 68 33 42 63 52 60 48 4 69 36 35 1 46 46 51 1 56 55 42 21 11 30 53 23 71 7 8 72 35 77 4 29 66 65 24
13 55 38 36 36 16 27 35 27 54 76 79 74 69
35 52 27 39 6 52 20 60 22 24 65 68 71 66 33 4 27 70 1 42 50 56 45 33 27 78 74 20 5 38 10 71 44 77 40 53
65 11 24 63 61 15 45 1 35 20 70 60 41 77 73 66 70 36 58 40 40 8 26 50 17 34 71 74 12 45 44 52 10 30 35 62 65 71 62 44 53 38 62 3 20 22 70 40 36 11 49 9 27 54 5 15 54 59 0 43 66 7 6 40 78 67
28 20 56 17 16 1 64 13 11 20 3 46 47 59 74 9 74 52 22 62 62 60 47 49 76 63 27 58 50
29 35 74 20 22 24 64 33 64 72 21 44 74 45 68 61 61 62 73 32 58 31 53 51 40 32 23 57 51 1
55 3 74 42 24 39 4 25 73 57 16 31 36 57 75 7 35 55 61 51 54 6 27 72 63 47 46 6 30 26 7 2 73 61 8 50 59 18 60 52 34 76 56 40 2 13 39 78 18 37 71 64 71 69 29 77
49 22 62 38 66 31 21 79 43 15 56 29 12 31 48 45 62 28 36 48 59 71 29 1 48 38 60 1 51 39 63 52 53 62 1 0 71 44 72 30 57 73 66 58 72 51 18 57 14 2
17 49 70 42 35 21 15 35 74 7 8 34 54 23 18 25 1 5
67 1 22 24 71 3 13 76 15 6 78 77 31 75 18 14 52 20 41 1 73 30 9 13 23 5 75 44 13 71 55 55 44 24 48 46 68 56 26 20 72 56 22 19 57 50 74 29 64 78 30 5 15 53 44 69 16 73 72 64 8 5 55 35 65 47 50 16
22 78 34 39 22 41 15 45 0 8 19 57 25 4 57 69 66 77 2 58 4 2 4
40 10 38 13 4 24 37 67 65 59 19 57 53 52 61 7 45 33 49 57 64 55 7 18 54 21 36 8 34 56 50 37 53 30 74 44 15 24 60 9 37
5 49 25 68 32 9
24 8 34 69 56 17 63 79 46 6 50 62 59 19 32 75 43 34 6 48 53 49 74 61 76
9 3 10 12 20 73 9 68 79 28
66 72 38 58 46 49 14 32 54 0 21 7 50 23 27 73 28 32 47 21 53 25 49 3 7 13 18 61 18 18 39 55 31 1 49 60 8 10 6 45 77 38 68 35 62 19 3 15 16 43 49 21 2 5 77 78 40 30 46 14 59 56 41 12 32 41 27
57 46 0 7 16 68 42 54 66 24 67 57 73 73 35 52 24 67 11 50 30 67 5 17 2 11 77 63 32 77 52 39 5 31 26 72 11 29 45 9 34 60 49 48 25 3 75 57 44 4 55 6 42 36 12 21 52 66
30 13 51 43 60 64 0 2 53 73 63 74 77 50 35 13 12 23 69 11 3 41 64 72 55 25 16 0 58 71 59
45 24 10 5 72 10 57 37 36 59 60 43 11 77 39 73 77 62 37 24 46 75 35 68 22 65 18 15 77 21 18 9 22 17 79 27 10 73 28 41 32 21 57 60 63 67
63 78 15 42 66 16 1 53 26 3 22 55 46 1 20 22 31 18 6 12 55 54 42 16 48 23 69 49 23 15 7 66 76 45 35 45 29 21 74 66 11 53 46 54 8 73 78 11 3 52 0 28 76 3 30 9 59 35 45 30 73 17 59 79
29 36 16 69 59 51 31 4 50 20 18 51 28 39 19 76 66 27 14 16 73 36 25 38 14 6 27 69 8 36
77 72 22 29 13 53 32 63 20 1 29 1 55 28 12 44 5 54 64 37 20 41 33 58 2 14 68 9 32 24 5 32 20 72 72 3 35 29 38 23 65 16 17 18 0 14 67 75 47 12 41 75 37 75 50 68 27 67 52 26 19 75 79 18 68 22 0 17 35 24 41 16 29 53 55 25 19 4
12 67 41 20 49 50 1 17 77 56 50 43 3
52 52 46 33 50 55 53 4 69 30 52 72 66 7 79 68 46 11 14 48 9 70 38 63 57 15 27 56 3 46 73 68 31 47 15 21 49 75 33 8 30 52 6 23 26 24 5 46 43 41 22 67 34
62 24 67 54 50 0 76 42 55 8 24 76 43 46 63 15 29 31 46 75 67 38 2 28 26 3 58 30 51 51 2 52 61 31 2 1 78 51 13 44 24 30 17 53 19 44 54 39 46 14 55 43 18 60 57 61 68 20 4 31 30 38 56
7 42 33 73 36 76 47 42
78 34 69 64 11 58 59 62 15 44 27 8 29 32 38 11 41 54 14 18 50 32 40 2 47 78 63 9 24 48 79 39 64 65 4 70 70 78 5 71 14 18 73 4 27 70 6 79 67 8 41 77 66 58 63 7 44 42 45 26 68 45 69 36 36 18 42 2 18 46 21 48 65 4 72 51 29 23 31
26 16 23 76 3 68 8 4 37 44 48 78 16 64 14 26 9 72 31 69 49 18 58 31 79 35 25
30 15 29 71 76 34 15 19 72 75 19 66 29 49 42 62 41 64 7 52 74 9 36 74 40 62 32 75 73 15 0
72 44 72 10 73 18 45 2 15 24 47 20 10 61 60 43 30 40 66 20 11 24 53 74 34 67 74 66 62 6 30 70 18 64 60 63 37 31 53 7 0 42 66 9 65 71 22 14 31 64 72 4 44 33 61 4 59 32 78 25 74 6 62 45 5 65 55 76 75 74 44 0 27
59 27 78 45 64 11 9 8 79 78 66 29 76 64 23 21 33 30 62 21 6 30 27 35 3 54 31 31 10 39 69 50 20 49 74 1 9 8 48 12 43 34 15 64 45 75 74 42 35 4 48 5 30 75 53 51 77 79 64 28
64 7 24 69 5 73 24 3 63 10 13 8 40 51 62 54 47 58 28 74 37 31 64 10 38 1 40 68 58 13 16 36 6 76 55 24 9 11 14 36 54 75 73 67 35 45 39 3 74 5 52 48 68 45 72 21 50 68 68 49 31 27 2 29 72
54 14 79 21 47 42 7 15 48 53 77 74 50 5 59 66 74 78 58 43 51 11 36 9 57 44 68 20 48 18 71 65 47 28 55 29 57 42 36 1 26 23 27 68 67 66 65 27 8 8 8 35 2 38 68
18 41 41 77 40 12 15 16 23 16 33 56 3 32 35 36 74 65 7
4 70 31 62 46
40 5 22 62 42 63 8 9 14 65 66 67 23 12 21 0 17 51 43 7 51 39 48 48 65 40 60 36 1 0 45 30 76 18 50 58 12 75 5 33 58
22 12 23 40 32 75 51 31 34 21 72 79 79 10 41 55 36 60 70 67 62 46 38
58 0 69 6 11 12 19 18 74 8 65 18 9 32 8 29 30 45 28 58 43 27 26 79 68 46 67 22 0 51 28 67 34 78 72 37 60 22 15 12 34 75 64 25 35 46 28 66 39 18 39 2 60 0 61 1 29 24 30
40 26 7 54 34 51 23 54 1 63 20 69 39 24 7 31 22 66 69 43 12 50 49 36 33 59 69 61 55 10 23 52 62 42 25 10 25 26 51 44 33
7 66 62 6 70 59 19 30
41 16 15 48 51 66 18 55 28 18 69 4 7 44 74 76 65 7 7 63 29 39 17 12 61 5 14 69 72 18 72 44 74 39 33 19 11 14 74 32 29 9
51 4 50 79 69 68 56 45 62 0 49 2 67 35 31 74 71 8 72 27 51 2 8 55 39 68 36 75 63 66 68 3 61 3 8 0 52 10 60 36 36 26 1 56 30 59 73 65 27 47 45 9
69 24 41 45 61 1 70 21 12 37 11 14 50 71 69 2 12 26 19 72 31 66 63 73 79 33 24 33 55 34 50 23 27 18 48 20 39 5 25 32 20 70 49 19 10 52 73 15 74 76 0 70 56 21 33 25 54 71 16 59 77 0 32 21 19 47 7 58 16 16
1 3
28 57 32 30 43 57 51 43 9 35 79 63 62 50 27 3 62 9 20 42 54 65 78 32 22 35 8 25 22
38 69 51 61 57 71 45 50 1 0 52 58 35 11 12 23 66 6 21 71 39 41 59 9 44 37 11 6 37 62 19 24 75 61 31 67 20 14 53
50 33 15 56 1 13 26 44 62 7 22 52 21 63 59 23 0 25 38 11 32 35 25 32 58 45 37 14 6 2 59 7 54 18 58 35 24 48 13 27 8 62 73 25 70 40 72 8 32 20 70
61 49 11 8 6 78 42 7 69 54 78 34 8 38 72 45 25 23 7 40 75 52 22 67 56 45 30 45 35 32 62 35 26 26 4 19 34 33 8 60 78 68 8 2 4 74 71 36 8 30 41 1 28 45 32 75 19 29 73 30 23 4
69 65 36 38 36 29 10 25 57 14 16 7 60 64 51 69 24 77 14 70 3 66 78 2 67 34 68 64 27 1 18 59 54 38 24 57 67 65 14 75 36 44 35 20 21 58 47 58 16 43 54 79 21 61 68 23 61 59 53 24 40 34 64 42 2 46 29 47 32 8
32 65 62 28 34 2 6 60 57 40 72 74 10 74 64 70 64 72 24 19 64 75 14 36 25 54 2 63 6 46 47 3 56
54 19 68 34 38 53 38 64 12 67 64 76 35 42 52 45 75 64 61 67 48 9 70 14 51 57 53 0 23 29 79 11 32 21 60 50 22 46 43 38 20 60 38 63 69 23 9 44 21 47 53 66 4 33 19
14 25 5 43 63 49 13 76 47 73 73 19 79 47 79
73 9 55 42 3 26 72 26 77 77 13 49 70 75 60 69 56 35 19 32 44 10 5 40 66 3 2 36 53 16 14 47 48 65 60 16 63 77 24 49 60 9 37 3 17 2 13 44 18 5 4 67 45 46 2 3 73 12 9 49 62 65 62 7 78 67 50 2 25 12 49 33 38 58
74 11 55 17 70 69 2 60 12 31 22 6 17 16 75 1 65 59 15 7 56 37 58 73 63 37 19 73 23 57 31 8 41 68 65 48 37 51 69 52 43 70 52 73 9 51 62 28 32 53 63 56 6 61 41 4 27 42 3 69 49 10 66 52 22 55 2 79 60 34 48 79 1 36 3
55 58 36 40 17 78 52 59 25 3 6 57 72 34 57 49 32 53 31 54 16 39 9 44 75 48 73 27 26 53 54 33 22 34 39 62 67 63 76 59 55 71 39 4 62 47 28 57 51 36 35 24 44 21 58 22
8 2 18 60 74 44 48 13 35
5 78 46 54 48 27
25 8 32 30 15 27 8 56 27 43 47 73 62 3 13 65 68 23 39 36 18 61 28 23 72 10
62 62 72 1 59 47 23 12 69 60 60 34 2 41 16 62 7 51 29 69 18 59 29 76 15 48 7 55 60 51 44 79 69 31 43 52 68 27 35 45 9 71 57 41 48 23 43 77 10 42 54 17 16 12 1 54 22 78 46 63 25 40 37
22 16 22 34 53 39 32 54 79 46 60 29 72 42 37 57 18 77 42 62 76 49 1
74 27 59 43 19 78 59 15 47 39 21 58 74 58 73 60 16 2 40 11 3 0 62 47 10 65 73 17 12 66 60 75 20 74 16 11 6 27 47 37 60 4 62 7 38 76 2 31 79 76 42 63 52 23 5 60 6 23 73 79 5 23 14 56 3 37 76 7 21 56 1 79 3 20 25
47 16 58 4 3 49 41 29 43 17 72 70 35 79 39 38 46 32 21 33 52 17 14 77 53 1 68 11 16 8 75 22 64 23 10 58 26 27 29 63 9 10 62 22 10 2 46 17
42 36 7 54 22 46 27 53 77 4 64 54 43 48 37 27 31 47 20 24 55 0 67 56 51 26 46 6 5 15 36 44 22 46 67 72 41 47 58 39 29 11 14
19 29 22 15 22 18 18 74 68 1 1 15 13 3 30 25 50 69 27 17
19 26 42 25 44 20 17 21 58 33 20 67 0 51 21 59 7 73 69 63
34 49 42 57 62 26 20 67 4 60 31 23 12 35 14 61 35 23 53 9 19 41 61 14 25 46 16 32 18 67 10 18 61 52 76
57 60 48 65 25 29 63 76 8 55 53 54 20 53 66 71 78 26 9 37 38 1 28 45 74 7 27 25 13 53 69 13 78 29 17 19 31 67 51 25 51 4 19 69 44 68 34 0 50 11 44 36 23 21 16 6 27 73
79 64 30 44 56 22 55 26 32 16 1 61 55 1 33 42 23 42 47 44 37 72 74 45 61 33 16 43 14 12 77 16 39 61 8 74 43 43 0 43 54 66 42 74 38 24 15 32 57 44 32 5 9 5 33 3 8 40 42 61 50 8 30 2 50 5 56 15 32 64 52 68 31 34 44 6 65 24 3 4
12 10 14 79 14 69 59 22 56 63 69 33 2
22 20 51 77 73 71 1 21 2 66 2 2 37 59 29 74 69 23 47 11 67 60 30
26 41 20 5 31 63 64 69 21 23 54 72 46 2 15 32 1 40 37 23 19 38 43 79 25 60 58
14 43 57 59 27 29 78 68 52 33 27 42 57 75 45
56 43 31 29 7 26 17 31 29 62 27 34 77 72 79 51 43 44 72 26 59 8 31 14 40 60 64 18 63 48 25 51 45 27 14 11 18 73 21 68 62 78 15 11 19 72 30 9 2 19 59 20 66 37 20 24 33
7 22 4 34 56 70 53 41
24 18 35 9 77 62 32 63 54 6 35 12 5 36 23 11 71 11 79 8 60 56 77 37 7
17 27 28 19 22 70 23 36 19 76 21 72 56 62 21 13 29 11
62 70 57 67 13 6 71 76 52 61 42 4 68 64 74 24 55 8 9 4 46 41 18 71 27 4 14 19 9 50 5 67 13 0 23 33 2 12 32 63 19 72 28 63 38 20 48 25 15 42 79 77 71 0 44 62 57 44 67 65 17 35 55
13 51 52 61 55 66 47 15 29 48 20 41 19 42
56 28 7 0 59 71 20 38 13 61 64 63 10 53 67 16 6 73 20 77 42 15 68 3 11 30 8 71 56 78 46 25 71 46 2 22 27 45 68 45 21 76 11 24 56 26 28 65 44 58 32 59 25 21 10 63 21
54 14 72 63 5 14 79 36 26 75 27 59 77 72 6 26 61 46 34 31 65 30 73 5 24 14 27 58 5 35 27 7 32 4 21 68 23 40 12 57 55 8 21 46 32 29 73 44 36 4 57 27 41 67 59
22 13 59 43 44 21 5 22 43 51 55 39 44 66 45 73 11 22 54 75 20 57 77
8 31 21 30 27 61 67 75 48
22 44 70 50 22 72 48 79 44 4 3 8 10 2 46 44 44 3 77 18 78 44 37
61 77 30 61 36 61 28 54 42 72 58 31 78 48 36 60 10 12 66 51 55 36 51 8 24 66 46 19 68 40 2 46 20 55 51 28 36 40 17 33 62 44 7 1 28 32 58 53 31 31 0 25 39 19 32 47 70 20 73 39 65 0
69 71 7 54 17 38 54 61 79 64 21 0 5 46 35 4 69 67 1 3 40 36 40 11 21 62 56 44 77 27 76 79 15 38 32 53 48 47 56 75 42 37 49 63 52 33 17 11 32 24 20 6 47 8 58 6 0 31 21 44 57 37 11 14 75 74 77 8 13 16
79 77 3 12 2 40 75 5 61 78 59 20 10 71 11 2 46 66 29 31 66 3 8 0 12 38 22 4 75 77 42 76 45 21 44 15 45 24 62 61 60 52 16 21 18 30 76 56 34 5 57 15 59 19 11 11 68 46 37 26 28 8 4 17 71 34 46 58 58 46 76 34 74 0 13 24 22 22 12 27
32 29 3 29 29 25 79 60 6 57 30 36 53 33 66 44 52 74 22 44 26 68 33 49 48 9 36 41 42 78 35 53 64
21 20 65 5 66 16 53 65 55 50 10 72 15 5 73 2 79 69 56 33 38 63
44 38 25 40 25 30 75 30 59 11 7 17 10 11 42 25 52 15 5 21 67 28 54 75 52 43 50 8 33 38 23 57 34 35 53 28 62 42 39 32 53 29 34 25 26
65 36 1 6 44 70 69 14 72 68 19 14 45 43 42 20 32 32 22 78 50 38 1 76 47 38 69 42 2 41 60 68 42 3 42 21 71 54 8 12 77 67 54 53 50 58 21 77 43 14 52 66 8 36 20 78 2 20 3 16 51 77 20 30 72 77
3 44 79 77
73 30 53 74 73 72 72 12 56 6 32 52 53 10 76 66 79 23 68 39 1 20 18 14 14 15 31 55 12 68 40 71 7 9 74 23 20 16 73 37 19 49 13 60 17 18 43 42 18 65 20 62 67 19 35 22 25 4 51 76 38 42 1 22 46 69 35 51 15 3 63 75 78 25
63 24 2 76 50 79 14 77 8 39 72 27 15 15 73 62 57 34 34 48 65 1 46 49 65 77 56 3 37 45 29 23 11 33 19 59 73 10 30 49 77 8 29 18 9 61 68 19 78 24 51 11 32 26 56 58 56 73 52 34 48 4 53 30
12 24 39 40 37 29 66 44 14 58 75 71 78
10 44 44 9 29 3 34 28 22 6 58
58 70 48 11 14 53 52 72 16 79 67 29 75 51 56 53 26 35 55 11 65 75 0 53 73 55 36 59 25 71 7 18 17 16 29 70 55 23 77 74 33 35 41 5 59 9 3 7 54 38 47 13 21 65 3 57 32 70 58
27 58 70 3 37 36 70 49 8 2 28 13 71 51 40 41 54 53 78 48 46 58 11 24 60 20 34 33
8 72 32 62 20 15 35 4 0
63 66 44 11 74 59 49 46 14 47 20 58 53 1 36 1 65 31 51 73 61 35 60 71 0 16 76 14 38 57 9 43 29 62 49 7 37 23 43 18 8 1 29 39 51 32 53 35 34 29 41 37 9 34 32 30 58 74 17 36 20 15 43 74
60 19 57 35 53 18 14 43 38 20 76 10 30 5 63 20 48 8 40 1 11 22 21 78 22 10 20 38 16 54 3 7 57 76 74 28 3 61 35 18 22 58 48 71 63 12 8 47 48 21 67 30 75 39 76 48 5 63 46 4 17
34 65 55 32 18 52 13 9 71 57 36 78 19 34 19 41 17 26 14 3 34 2 8 19 39 22 72 18 27 62 6 17 59 70 23
77 63 21 25 62 58 52 77 1 43 18 51 79 9 49 45 69 43 66 24 10 48 76 25 5 62 42 52 66 11 33 26 58 61 11 24 53 73 36 75 56 49 60 68 66 78 50 42 54 70 59 39 49 32 65 72 59 79 68 0 65 68 42 2 16 37 33 49 71 55 23 74 36 59 68 77 28 60
22 46 50 71 65 11 25 62 19 0 76 49 13 41 37 71 14 20 45 57 3 16 44
21 69 60 1 22 59 53 56 1 32 63 10 40 56 65 14 43 15 70 32 5 60
67 75 78 73 53 31 59 16 0 63 62 21 62 7 56 49 3 34 46 51 35 23 37 42 34 13 9 32 6 6 26 55 23 59 76 10 62 77 58 79 48 45 8 13 62 29 69 47 12 37 57 22 40 55 41 55 57 8 25 39 40 63 64 62 37 23 64 28
44 39 18 8 52 74 71 34 46 59 75 4 50 16 3 25 26 38 46 74 25 60 35 64 19 55 76 4 7 44 25 16 68 56 58 6 32 15 60 72 30 23 75 27 13
28 48 20 53 76 24 62 13 37 14 15 20 12 39 8 8 5 3 6 37 52 48 50 17 16 58 66 1 50
16 61 36 32 42 67 59 44 63 29 18 17 52 27 57 70 58
18 33 24 49 6 26 65 53 45 27 76 54 78 35 38 28 41 28 0
6 63 13 76 62 32 13
13 65 68 73 60 21 48 58 57 61 76 77 11 64
3 29 29 71
31 55 1 35 70 60 55 23 5 22 38 32 8 58 12 12 36 59 51 12 25 75 21 27 44 11 42 46 59 77 48 32
23 65 43 28 50 49 52 3 28 50 56 79 20 29 5 19 34 31 52 61 40 1 68 40
48 54 31 21 76 21 75 5 66 56 63 47 42 31 40 73 76 3 51 17 14 25 44 9 29 8 72 47 18 64 46 6 47 35 3 42 17 47 51 55 0 68 61 4 61 67 3 26 33
4 48 3 29 6
75 19 64 36 26 53 56 50 37 12 43 0 64 12 57 0 34 75 35 17 39 44 2 35 57 56 51 11 13 36 13 78 16 20 27 29 72 75 42 77 52 40 47 55 15 76 56 7 25 67 26 10 76 56 32 14 67 53 23 34 15 24 72 77 10 39 4 66 19 78 31 51 22 74 59 67
46 14 17 70 24 77 34 27 74 58 6 13 51 22 23 50 40 63 55 36 31 6 29 59 7 66 74 30 27 48 5 69 65 43 44 61 3 3 49 60 68 70 2 54 76 30 28
60 51 71 8 15 75 43 5 77 22 46 21 49 21 17 68 9 7 2 77 66 53 49 4 42 27 52 74 47 14 36 33 16 25 55 78 31 34 18 75 58 62 39 4 73 15 23 37 70 4 44 11 35 61 57 57 78 19 45 46 27
35 23 57 28 14 27 41 55 34 45 33 12 15 0 19 40 8 38 44 21 35 73 71 74 23 62 70 38 67 65 55 71 55 28 53 69
58 75 25 0 79 26 30 75 53 54 78 6 18 11 62 60 30 77 26 78 76 65 46 46 55 28 18 60 24 19 71 45 71 74 43 59 52 39 51 4 18 55 54 48 2 33 25 25 24 39 34 20 14 49 65 28 5 78 57
35 36 23 78 42 62 36 45 61 42 27 12 18 37 73 63 69 46 2 39 42 17 54 65 62 50 40 68 1 28 65 52 17 22 15 24
24 24 35 36 0 34 39 41 35 70 31 65 49 1 31 29 0 2 56 47 75 27 40 75 47
60 34 3 28 14 42 30 60 73 68 48 46 18 31 54 1 21 31 23 66 34 36 53 30 20 62 10 55 25 55 3 24 2 32 48 75 20 46 61 5 66 16 35 19 63 17 18 26 37 57 8 41 48 22 44 4 11 37 34 71 22
40 45 57 33 36 32 65 0 4 45 45 48 58 5 9 77 2 7 70 61 63 4 35 16 8 5 66 8 13 4 28 60 48 10 51 0 76 48 54 31 30
77 44 14 20 77 50 78 66 22 35 29 59 34 30 48 17 42 68 54 60 18 41 79 69 77 7 58 51 12 10 4 24 34 40 45 26 30 44 57 18 4 53 42 30 53 11 51 21 24 54 50 2 9 37 0 35 28 56 20 0 53 33 46 14 43 71 53 57 33 25 14 31 51 55 0 79 1 74
25 35 2 6 66 73 20 18 69 35 75 36 15 9 69 1 35 42 0 6 44 57 18 74 40 61
78 26 71 17 24 57 11 67 26 64 3 69 31 62 56 39 41 40 62 24 38 26 22 69 44 67 7 45 62 18 22 67 71 44 16 41 51 59 37 7 44 11 34 69 49 22 66 60 74 24 44 13 28 29 20 0 66 37 66 70 42 21 21 43 29 35 21 76 10 12 20 16 9 59 22 30 56 70 15
4 29 22 65 65
72 46 30 18 78 60 76 56 78 43 9 56 42 39 15 54 68 41 31 70 26 75 7 6 47 6 12 25 39 15 63 12 27 8 72 75 16 0 43 52 31 6 72 5 28 44 26 40 2 22 11 14 48 61 18 27 30 45 72 36 25 71 32 49 74 23 49 45 69 32 78 4 41
51 15 44 38 24 75 26 35 14 62 41 59 59 78 52 38 57 71 41 37 6 27 4 19 76 56 72 14 71 48 13 66 38 1 65 70 51 42 24 52 69 1 39 34 31 59 46 45 57 63 0 5
15 34 36 20 73 24 73 71 48 71 19 9 45 46 62 55
14 63 72 17 74 34 57 51 54 33 41 45 53 4 51
36 50 6 35 58 45 52 43 10 10 61 57 59 66 39 44 41 61 51 67 42 50 0 17 11 38 58 50 73 40 26 50 48 71 69 32 22
57 29 3 64 19 34 10 35 17 22 60 6 16 63 19 75 29 21 60 8 78 41 62 69 29 29 35 59 4 65 55 16 10 53 32 44 18 61 59 72 7 28 30 65 73 37 60 14 42 22 60 76 74 64 9 17 20 31
57 54 26 67 77 3 26 32 44 34 56 70 59 64 28 34 38 36 40 48 40 79 29 41 68 69 61 9 10 33 76 53 28 7 41 42 65 44 79 28 16 43 47 44 18 57 17 79 58 22 18 58 75 69 60 35 35 9
52 30 55 67 20 77 78 65 78 59 35 77 30 45 5 30 60 56 77 52 57 73 41 29 46 31 10 43 52 17 32 58 22 20 16 29 7 7 79 58 58 61 24 39 76 41 48 59 17 77 21 72 23
10 47 29 40 43 2 74 13 21 43 15
67 17 59 56 42 77 57 67 67 78 0 14 4 29 36 54 24 34 15 54 30 41 67 21 57 43 65 57 78 48 66 52 65 32 32 0 53 5 2 46 73 39 41 66 73 60 2 75 58 66 10 77 14 46 15 65 0 10 71 28 49 55 60 75 64 67 3 64
38 17 23 55 19 68 19 3 79 57 35 54 24 71 52 36 45 14 61 4 79 60 28 50 52 58 60 68 79 61 3 42 59 24 79 25 18 34 27
33 30 27 56 76 62 71 22 40 75 27 40 12 33 64 47 49 23 26 68 42 31 42 60 44 45 23 59 18 39 23 13 34 25
44 14 38 2 6 27 15 38 68 51 27 36 22 36 31 21 33 69 34 56 12 60 45 27 49 48 33 9 14 73 70 67 44 71 17 46 51 66 56 3 72 64 63 63 42
41 28 37 28 65 11 9 62 58 73 14 55 30 28 17 32 58 3 31 69 29 22 24 63 34 39 49 26 71 30 67 4 49 23 43 51 4 40 71 50 23 34
40 41 10 41 72 58 40 40 45 59 33 77 30 53 62 47 23 42 55 27 24 43 44 0 73 11 71 15 64 28 37 74 72 30 21 14 16 9 51 9 12
64 59 13 4 71 74 79 7 19 26 14 79 40 37 74 15 17 63 66 2 71 40 9 54 74 23 74 11 7 64 76 12 9 32 25 34 58 34 61 12 48 13 13 52 15 79 60 74 77 29 11 38 49 41 12 11 78 8 37 69 48 59 43 33 50
10 55 0 25 44 44 12 63 78 2 45
73 17 74 29 29 51 46 77 40 34 61 24 27 47 26 24 23 46 53 41 79 23 10 60 30 51 58 55 33 51 27 16 49 55 35 72 26 6 33 74 74 46 52 58 73 25 50 32 7 9 57 48 37 19 40 46 56 0 36 63 22 10 35 61 24 31 32 51 77 21 61 46 38 22
54 47 71 16 66 3 21 25 26 7 4 49 74 65 19 60 62 66 12 56 36 7 28 60 65 69 20 17 15 73 67 44 46 15 9 45 17 41 46 44 31 38 8 33 4 27 47 78 47 44 16 10 30 59 27
65 38 15 43 10 45 54 25 69 60 62 48 7 26 43 2 20 43 40 41 48 32 17 10 57 69 26 26 10 49 65 36 20 47 14 29 16 46 51 5 22 6 25 69 79 3 39 15 61 17 62 54 61 41 68 47 72 19 79 21 68 32 24 34 40 22
17 0 36 79 20 22 20 77 50 15 1 38 40 1 53 49 37 30
25 23 4 39 50 43 73 3 79 63 51 34 27 5 14 73 42 45 19 73 59 29 13 62 8 13
8 45 15 52 59 8 51 14 2
51 68 24 73 66 38 5 53 2 20 55 61 28 76 2 56 34 35 30 79 77 35 66 1 40 79 0 54 56 60 48 51 3 75 4 75 16 4 51 70 58 12 48 25 45 33 34 8 14 32 59 57
33 63 16 25 19 32 56 31 13 29 19 3 73 56 19 72 40 50 20 12 75 45 16 14 56 54 27 53 28 42 1 43 66 6
42 21 73 19 25 18 47 20 72 34 60 17 76 42 54 25 74 52 13 28 74 48 39 72 7 73 47 27 4 47 12 32 8 66 58 30 7 19 20 57 54 7 51
8 23 51 42 60 61 20 47 25
63 40 51 23 13 51 72 68 69 42 68 77 26 53 77 29 69 67 62 50 74 42 76 48 12 60 50 16 53 34 78 25 69 48 26 24 7 22 10 60 63 73 65 17 3 38 27 59 2 13 34 58 19 4 17 10 40 46 43 72 5 4 44 71
3 5 24 6
46 59 54 3 61 40 12 42 29 3 69 13 28 57 26 74 24 66 29 41 2 20 40 26 24 20 50 56 2 28 10 65 11 75 77 73 51 77 3 38 4 16 3 49 53 71 0
78 76 20 76 72 45 78 0 62 20 5 13 35 6 61 18 63 25 21 70 51 21 8 25 41 12 10 41 23 8 74 10 2 71 68 14 24 57 19 0 75 30 49 12 38 56 15 13 25 29 57 62 65 32 51 22 4 9 40 17 54 25 79 38 32 46 78 65 20 60 66 19 29 39 0 12 27 5 20
62 23 77 11 55 43 37 20 34 33 7 44 65 60 53 65 16 58 54 24 38 24 48 15 36 74 47 12 75 41 69 66 74 45 54 52 52 65 74 17 1 40 36 17 29 38 15 59 24 19 33 36 50 16 4 71 35 63 25 16 56 3 23
79 71 55 49 69 45 70 53 42 4 60 19 2 24 9 5 69 13 6 74 31 5 72 50 41 3 13 78 64 41 61 5 38 34 60 64 36 79 42 61 55 42 67 75 75 13 66 17 3 4 73 28 47 15 18 54 40 67 3 19 9 12 57 69 45 76 59 60 32 58 30 22 23 35 39 79 23 51 74 28
57 38 65 71 79 11 56 3 58 60 2 27 44 7 13 0 0 78 30 61 77 78 33 20 20 64 79 9 12 34 0 43 72 70 58 3 59 76 9 60 31 68 15 39 25 52 75 12 52 60 7 42 79 1 2 6 8 10
40 23 66 58 5 60 65 72 28 79 26 22 0 74 66 57 31 40 44 56 38 5 66 3 61 48 47 22 51 47 73 7 68 65 32 23 53 59 48 28 35
54 33 59 59 54 24 40 56 74 5 70 23 77 59 22 52 0 27 76 47 17 24 67 70 62 76 69 68 46 41 31 33 56 68 10 77 39 79 48 64 57 49 31 31 11 37 33 35 29 14 55 12 22 71 19
56 57 16 36 63 70 66 39 34 78 32 61 34 62 41 59 41 20 7 13 1 37 63 29 52 9 42 25 76 14 52 54 70 70 45 44 39 13 26 17 7 33 72 8 74 7 15 5 23 35 10 56 72 43 69 64 51
5 63 25 37 41 19
40 36 3 21 14 51 52 20 70 65 72 21 51 0 74 78 6 48 5 9 33 59 7 54 37 20 52 70 49 27 58 34 72 21 47 64 58 62 1 11 77
40 28 36 41 31 53 13 40 67 6 36 22 72 53 68 79 38 72 74 48 0 36 51 52 64 20 2 46 60 72 9 73 50 60 21 39 64 71 6 48 8
28 70 54 42 12 68 72 65 79 21 28 42 10 35 4 66 27 35 1 53 1 8 31 20 47 56 68 44 41
4 10 62 60 39
71 31 26 10 75 23 27 44 11 79 49 39 22 37 34 1 14 22 41 24 72 27 30 71 42 37 16 7 72 47 21 1 77 79 78 78 28 40 30 43 50 18 8 76 4 70 21 25 33 11 43 76 40 39 75 10 70 78 76 50 4 33 33 77 42 40 13 55 13 19 24 33
43 40 7 62 36 42 65 22 36 41 2 11 9 54 42 56 72 26 45 41 42 6 31 5 7 78 64 41 38 12 31 29 77 48 7 64 3 74 23 12 4 5 46 16
2 57 68
59 77 13 1 77 12 67 74 73 1 45 48 11 35 17 66 12 20 51 37 9 42 51 58 34 26 20 51 9 2 73 21 30 27 73 70 4 46 60 7 69 56 16 6 20 24 6 61 46 75 34 45 42 17 57 79 67 63 12 66
70 8 39 38 3 31 20 72 35 61 58 28 49 50 48 20 25 45 65 34 6 48 24 48 39 24 11 4 31 13 25 47 49 19 33 56 3 24 23 62 38 50 53 59 44 6 2 36 27 1 70 5 66 17 71 22 35 52 45 10 36 23 32 23 17 2 45 61 1 22 19
64 48 3 75 7 67 20 34 64 0 74 70 67 20 32 24 3 33 7 48 47 40 20 11 21 38 30 10 60 35 22 37 15 76 28 68 14 31 26 62 13 33 15 32 47 66 73 47 71 70 57 27 26 54 56 8 8 8 23 38 1 46 50 11 4
64 46 40 15 66 30 67 50 49 63 15 74 30 55 35 66 21 58 71 8 57 55 69 35 71 41 49 27 3 65 72 23 27 71 50 68 73 53 38 53 75 43 10 17 41 51 38 29 34 55 4 7 4 27 50 78 62 14 11 68 11 62 33 27 13
8 25 36 56 55 0 7 76 70
25 46 42 69 40 68 43 76 70 30 44 66 54 23 56 23 66 40 22 15 71 39 34 69 65 26
79 0 58 13 78 0 27 1 14 47 3 79 74 35 10 35 49 21 27 5 69 65 39 69 46 59 35 26 11 56 37 79 62 71 49 11 63 74 51 45 30 31 69 60 64 7 46 65 54 72 64 40 31 57 23 57 27 46 69 63 41 56 19 62 74 75 30 5 7 62 22 67 30 52 53 52 26 23 51 5
44 46 51 51 40 49 37 68 5 0 12 55 2 66 27 55 5 58 47 21 32 39 50 68 55 7 55 50 2 66 33 43 74 75 79 65 54 43 62 24 33 6 38 47 10
78 7 5 18 30 46 66 2 48 2 15 11 66 49 8 2 43 14 41 9 23 50 16 49 60 34 65 49 24 77 35 74 50 28 38 66 31 3 58 33 20 8 13 10 48 57 5 11 10 58 35 20 30 40 10 30 10 35 10 48 78 52 40 29 73 51 8 18 3 21 24 41 3 70 72 44 61 38 45
19 57 10 63 24 7 58 7 43 11 64 75 4 72 3 46 62 51 50 11
62 51 15 31 55 45 39 4 12 68 54 27 29 67 2 2 38 19 69 10 69 76 16 74 73 47 73 27 9 75 8 5 30 42 9 38 57 3 62 8 26 59 53 34 77 25 1 49 5 36 64 43 43 66 2 78 26 68 7 25 20 53 13
47 65 42 48 3 72 38 42 32 58 20 27 8 46 73 17 19 49 28 34 64 67 6 76 31 10 66 14 26 77 1 52 63 43 4 64 10 25 65 56 56 35 10 19 15 77 33 10
38 58 37 79 35 42 57 73 13 67 63 60 40 32 63 25 66 57 64 50 39 46 49 57 59 32 8 50 55 28 56 61 51 55 26 35 35 62 22
63 12 24 37 56 21 54 16 33 6 20 78 38 53 8 60 69 20 75 65 15 63 2 6 56 25 75 69 31 39 59 26 51 61 66 16 4 75 48 6 17 54 44 43 67 50 2 75 56 39 15 7 72 1 4 58 25 25 50 23 18 32 18 15
4 74 1 9 35
71 71 64 34 28 9 22 41 27 60 2 55 16 60 10 52 54 36 1 27 39 1 22 56 15 56 37 45 58 19 63 9 46 65 74 41 3 79 21 47 6 69 49 74 6 16 64 19 54 40 15 51 51 77 66 21 12 67 2 15 30 14 69 29 30 23 26 79 79 6 40 70
25 48 40 50 45 17 2 31 70 31 39 39 41 23 34 46 72 36 23 19 39 68 14 23 57 24
4 55 30 78 36
36 41 25 76 64 67 10 19 16 78 2 71 21 21 40 32 47 76 70 11 20 78 68 72 69 56 28 13 77 56 61 58 45 40 39 51 60
57 63 57 11 76 50 36 5 44 75 46 79 23 3 76 37 61 48 6 59 28 34 41 30 35 74 24 32 34 31 69 38 36 4 27 20 26 7 58 48 27 57 47 66 47 18 35 39 55 72 61 58 4 58 53 57 21 76
40 11 55 69 18 39 41 32 13 0 20 61 47 21 23 30 25 5 22 4 37 17 14 9 56 59 11 17 49 72 71 77 4 57 34 72 18 72 66 66 24
38 60 13 33 5 61 23 57 12 71 19 53 40 75 23 40 0 13 13 36 52 77 72 28 57 51 51 79 28 35 19 48 8 52 21 59 45 59 41
66 1 31 13 65 1 67 33 15 45 75 17 1 12 7 51 30 73 79 49 48 63 57 8 8 18 77 47 60 2 33 71 37 18 21 51 69 42 26 26 71 12 34 47 19 3 3 42 29 77 69 76 10 47 9 28 78 50 31 49 57 35 22 24 55 16 10
75 10 73 63 38 65 13 69 28 75 10 20 29 75 33 31 29 25 19 35 44 1 59 76 49 60 44 34 1 15 11 31 50 23 62 29 61 14 6 32 37 3 27 33 30 25 45 59 65 42 79 34 1 76 8 40 78 53 33 73 57 74 5 36 11 58 37 1 41 78 48 32 37 39 34 25
8 8 28 15 3 15 45 2 73
52 74 43 46 40 55 55 70 62 44 60 7 68 70 44 39 78 9 56 31 39 78 22 4 50 5 0 61 41 79 63 6 74 24 8 10 39 23 48 6 8 3 50 18 68 29 75 27 57 43 46 41 25
61 72 77 52 72 31 50 64 60 33 74 56 70 43 48 29 5 38 76 45 42 1 41 24 69 40 18 57 47 31 7 4 51 53 48 44 59 11 68 39 69 63 16 35 54 33 56 44 72 45 71 65 24 16 16 52 29 71 52 13 18 48
44 3 21 35 72 68 29 9 15 73 0 28 64 23 66 5 52 46 45 35 26 8 55 1 52 75 45 71 35 71 12 8 61 42 72 7 63 59 21 41 74 25 78 9 67
24 60 23 70 52 56 17 5 56 36 67 18 29 54 33 58 23 20 49 59 65 19 72 58 29
37 37 34 54 45 20 43 60 54 62 2 36 74 18 9 21 21 20 29 53 45 10 60 64 61 7 74 76 42 66 5 2 49 61 30 9 52 46
51 44 3 17 62 10 32 71 33 9 14 55 16 71 26 57 58 45 5 34 51 62 20 3 76 23 53 2 13 38 28 10 49 12 61 6 37 61 11 72 26 48 76 78 79 51 49 9 9 4 6 35
35 62 50 37 77 57 19 13 14 48 69 6 12 51 53 70 19 25 68 20 47 11 57 64 60 29 33 74 35 43 69 25 42 38 23 48
14 13 53 47 50 14 58 58 38 34 54 42 55 5 57
58 72 28 41 24 22 51 26 13 13 2 33 60 71 10 71 0 22 76 54 27 49 76 43 26 23 25 51 35 48 56 29 34 33 43 35 40 69 39 73 72 67 57 5 24 54 7 66 4 2 70 63 63 56 58 52 78 74 8
50 75 66 55 75 51 2 10 7 23 13 42 39 66 33 31 32 23 62 45 44 15 13 27 41 75 6 52 76 26 45 27 0 65 19 3 39 6 25 18 75 61 35 6 46 68 19 49 5 16 70
12 72 72 79 10 53 34 36 8 53 53 19 63
50 42 25 32 52 75 45 61 5 24 67 52 7 46 41 32 78 61 50 17 14 44 64 32 17 64 33 7 68 19 41 65 55 6 17 26 67 66 79 3 47 44 56 26 58 69 34 75 43 35 11
73 17 38 23 27 52 66 14 73 60 11 79 72 12 64 20 12 57 61 30 8 78 70 50 5 40 40 7 25 47 58 57 57 29 42 20 53 70 14 6 4 47 57 54 67 55 36 38 53 26 6 53 73 52 74 16 24 10 7 8 75 40 53 23 60 2 50 71 22 5 23 31 52 9
30 37 10 72 72 48 26 13 29 55 1 56 49 73 29 55 44 0 29 13 9 10 77 63 73 58 37 55 14 10 14
40 1 59 3 12 57 68 41 50 27 70 70 23 7 52 76 24 4 15 79 33 47 18 65 17 62 22 14 75 24 33 16 17 68 45 41 64 11 14 3 37
58 10 55 69 38 72 33 55 6 67 68 19 26 68 26 78 19 16 21 28 29 14 59 3 8 47 76 3 71 19 12 15 15 2 8 62 26 42 20 24 73 7 64 5 79 10 21 31 57 63 27 13 15 29 7 47 43 54 27
42 27 75 21 46 60 77 39 19 27 4 62 32 33 26 54 16 55 53 21 63 53 66 7 72 41 35 28 41 47 54 7 35 6 63 36 41 59 5 50 67 46 4
43 49 46 37 58 70 44 71 14 9 42 55 29 45 67 46 39 34 30 79 24 12 37 33 27 48 52 13 39 51 64 16 53 71 61 16 26 16 54 75 78 68 48 69
48 14 79 12 3 71 2 6 59 77 77 31 76 39 56 76 75 62 29 45 77 10 48 13 6 68 17 72 41 45 18 22 36 44 30 31 31 10 1 22 46 75 60 66 0 33 25 24 49
29 23 56 8 18 42 25 75 32 51 19 45 18 76 59 12 39 60 36 69 17 49 56 62 28 48 20 48 72 49
29 32 16 2 52 67 13 31 75 19 31 26 51 40 37 6 38 78 72 48 20 10 63 27 2 7 9 6 77 1
62 24 43 30 14 39 19 7 12 65 3 46 27 40 8 17 76 49 42 73 12 48 5 68 25 41 52 63 31 53 1 64 48 8 6 13 55 79 52 45 55 31 4 51 12 18 76 75 41 41 16 8 70 58 4 3 42 70 60 23 55 30 7
33 24 73 24 26 16 12 50 2 26 4 57 10 60 12 32 78 43 29 67 63 7 69 40 36 31 71 56 52 26 7 15 51 0
10 69 60 36 49 49 8 64 7 64 32
67 33 3 71 34 36 22 41 72 48 52 38 36 68 71 56 79 19 78 79 68 40 47 65 7 66 61 68 8 31 25 14 42 46 42 17 39 4 79 33 16 48 79 57 25 24 38 64 45 45 10 0 62 28 13 44 78 22 27 61 59 58 68 0 41 58 3 41
31 28 60 30 22 70 17 68 39 17 48 5 8 23 28 28 44 50 7 63 73 33 54 18 77 51 18 17 78 22 76 72
66 22 18 15 34 68 10 23 38 3 44 20 7 9 3 63 65 38 59 33 3 59 14 8 7 54 76 13 52 46 27 2 11 1 26 44 73 58 0 69 67 72 66 31 46 34 59 23 70 33 42 34 56 38 19 53 65 40 39 59 78 36 3 42 1 70 25
62 40 6 29 16 12 61 43 31 42 21 20 44 25 30 63 47 30 47 25 48 65 77 52 0 28 40 70 60 73 20 45 9 69 58 10 27 45 71 15 78 18 46 32 44 50 53 79 74 41 10 76 60 35 42 49 54 15 68 36 78 55 49
74 37 32 49 12 36 3 15 5 6 33 79 61 3 63 66 2 78 68 71 10 41 24 47 33 28 37 74 51 77 19 69 28 11 56 65 45 9 28 12 19 4 21 71 75 50 76 46 56 45 68 24 18 32 70 2 5 60 15 22 49 43 73 38 8 39 31 51 65 6 76 66 62 52 18
67 59 76 2 49 72 33 44 10 30 4 25 32 76 61 32 61 55 2 75 32 28 27 70 53 22 67 12 53 64 52 27 39 66 6 52 71 65 42 43 28 39 52 77 27 49 22 33 29 18 28 23 8 46 24 32 61 8 4 15 2 2 45 31 27 41 72 75
61 43 0 0 45 11 44 33 78 56 66 42 41 65 54 51 19 5 65 26 52 54 8 23 65 27 49 74 77 4 62 54 24 25 23 45 2 28 66 4 24 58 67 72 29 53 16 74 71 26 37 64 70 38 58 13 43 54 65 19 48 38
33 10 18 18 14 67 21 1 18 77 14 37 62 76 24 17 21 22 32 56 41 35 42 46 9 57 75 42 73 66 61 25 37 25
33 4 1 31 44 57 19 46 32 39 44 9 58 20 10 10 59 8 30 52 65 67 0 54 55 69 75 61 60 66 24 44 75 76
79 48 60 50 23 60 76 36 29 14 27 41 57 56 79 15 64 56 39 1 51 16 13 19 41 8 37 74 50 50 47 38 76 4 61 24 18 40 33 3 14 35 54 47 64 40 41 66 61 33 55 38 59 47 60 62 55 50 59 5 37 30 26 56 40 22 17 31 78 10 78 52 52 24 33 35 28 9 41 78
57 64 56 5 79 61 39 43 63 63 50 12 47 1 26 27 19 25 38 65 1 40 55 60 23 14 72 78 55 20 24 7 35 7 43 23 36 44 21 74 69 70 72 25 7 52 79 45 52 32 18 68 57 27 23 39 67 65
73 51 46 16 65 15 5 29 38 55 18 25 32 17 1 66 52 5 17 42 3 72 76 12 75 51 56 63 8 0 46 6 35 11 70 40 66 38 41 45 7 5 18 70 30 33 60 55 0 15 46 25 1 5 12 18 73 1 59 16 68 42 47 28 74 70 76 67 34 79 45 18 34 69
48 44 53 19 25 23 5 67 52 13 20 43 55 42 2 45 59 40 19 24 65 4 0 16 16 49 21 78 40 71 50 16 27 33 73 29 44 45 51 62 21 64 12 0 36 56 20 18 74
50 29 47 37 60 17 40 19 42 62 72 44 54 33 66 45 8 64 5 34 19 58 11 36 33 19 18 49 11 23 37 47 42 34 10 5 70 22 68 55 56 61 9 32 40 59 66 33 56 35 48
76 78 46 34 67 32 79 49 59 77 24 71 69 37 52 17 46 72 24 72 54 51 67 21 50 20 63 23 70 14 56 16 37 40 51 79 38 47 1 79 45 15 56 12 5 76 23 35 48 29 67 37 69 29 67 24 10 29 49 44 41 76 44 9 1 65 72 29 48 57 31 50 75 49 68 68 42
43 21 62 52 70 17 45 56 67 73 40 79 63 9 40 3 14 63 55 36 54 1 27 34 45 47 61 0 62 59 64 45 18 57 65 40 30 6 20 50 29 63 61 64
51 42 32 33 3 42 56 68 28 62 4 66 45 19 42 42 7 79 66 7 32 19 58 52 10 69 42 12 16 37 13 64 19 68 42 32 45 52 8 34 76 34 73 7 36 34 31 72 7 59 16 10
67 15 57 37 20 68 26 3 30 15 43 7 68 27 62 8 7 34 7 65 65 29 3 12 4 68 18 52 39 5 41 61 51 23 19 3 18 72 0 59 15 0 53 77 49 47 51 38 68 62 24 36 62 45 47 42 62 72 47 28 51 36 32 6 15 67 32 54
69 74 13 58 10 39 48 61 56 64 44 0 64 20 43 6 43 50 59 77 41 22 14 32 17 0 45 32 70 29 68 40 4 44 15 16 14 43 61 26 2 18 40 15 31 28 21 64 2 47 32 61 66 39 59 33 25 49 10 31 4 37 11 40 67 43 74 0 2 42
47 29 24 32 45 33 73 50 7 7 75 40 6 27 34 39 1 56 36 21 60 3 16 24 64 19 57 52 10 72 38 68 6 73 48 53 71 53 3 12 56 13 12 76 12 78 43 45
79 51 39 18 7 47 79 20 19 31 68 53 74 75 10 40 29 36 63 21 55 56 72 79 11 57 9 30 77 2 25 5 43 65 70 58 35 45 28 32 5 40 59 78 47 14 54 23 55 7 61 16 61 19 13 33 20 55 32 42 78 66 64 28 34 65 28 19 47 64 4 66 69 64 70 71 47 36 71 66
61 7 21 35 2 6 6 41 3 43 48 75 0 68 39 42 57 65 38 40 49 14 56 9 28 40 39 48 22 4 59 23 31 15 51 58 11 25 35 73 2 65 42 61 22 7 28 7 62 22 56 15 0 54 20 48 20 75 36 35 78 40
75 76 8 12 14 41 32 17 39 36 46 19 5 33 49 12 66 32 56 2 9 61 79 19 8 19 6 39 46 23 8 48 9 27 61 24 17 68 31 8 64 35 0 66 5 27 65 46 31 37 51 56 22 67 41 46 74 43 33 44 46 46 50 21 26 43 59 60 17 54 57 43 51 43 0 55
25 52 65 70 14 23 22 38 64 13 2 43 15 36 57 31 11 44 37 25 55 12 31 11 41 63
59 16 67 3 53 48 78 25 11 17 79 61 78 45 32 51 31 77 15 40 46 6 0 58 48 24 56 14 26 70 42 8 35 51 67 68 70 10 19 18 6 34 4 65 50 5 71 74 11 9 76 76 30 52 41 61 44 38 70 79
1 23
70 26 25 63 71 11 7 79 6 65 19 30 64 67 48 10 24 42 18 34 36 18 51 24 32 60 63 64 33 50 55 26 42 78 66 45 77 54 57 44 55 55 56 68 24 4 10 74 73 39 64 55 49 6 55 61 61 40 9 20 4 28 73 62 53 60 62 59 19 60 33
54 47 73 67 2 1 44 59 32 47 56 76 11 44 53 31 33 55 79 0 37 36 3 9 74 50 16 19 35 66 2 47 27 74 53 32 12 45 49 67 57 42 26 79 42 12 53 52 25 9 13 30 6 63 19
39 57 6 2 21 29 5 30 63 37 8 62 19 32 78 0 55 26 32 21 73 28 53 51 79 76 27 60 4 78 63 64 37 24 76 37 52 61 30 31
63 30 31 14 45 19 79 30 59 39 14 62 54 71 36 62 61 27 44 69 61 53 61 60 71 76 73 18 9 12 75 72 71 53 45 69 0 61 8 21 2 73 36 79 16 69 36 74 20 67 48 12 76 43 68 23 48 22 55 53 51 66 61 79
36 49 64 76 1 79 67 60 69 15 37 7 27 0 73 56 20 42 30 52 25 73 5 16 42 6 61 23 30 61 47 27 19 27 70 70 53
74 34 79 68 54 26 6 78 42 20 75 57 47 24 5 75 77 49 13 5 51 68 37 35 19 67 42 73 10 33 23 44 66 36 41 0 17 1 20 16 48 2 37 47 34 16 24 8 16 31 53 48 11 44 6 8 14 29 4 37 5 52 49 32 44 26 55 14 4 63 24 1 25 13 4
78 62 12 35 51 40 72 58 16 48 21 16 75 48 67 15 24 34 46 28 7 38 27 33 32 21 33 12 39 1 15 13 25 26 12 50 53 33 63 63 27 21 67 27 16 72 15 28 70 47 5 4 72 30 71 46 72 60 48 38 53 45 69 35 18 16 28 38 24 39 65 44 58 36 74 55 78 4 28
67 25 40 11 22 4 54 14 12 26 43 78 31 13 51 13 14 0 12 0 73 44 56 73 62 78 33 5 18 51 62 79 5 39 27 22 66 49 75 36 62 10 74 53 2 45 18 76 64 39 75 27 26 56 11 21 20 32 72 17 58 14 7 16 73 58 12 8
4 25 10 2 3
62 29 76 31 66 1 79 45 0 37 24 11 50 17 72 40 52 9 53 79 47 32 41 62 13 42 43 47 30 65 57 45 60 12 9 13 72 14 57 31 6 79 8 30 58 15 58 79 6 79 12 48 63 47 58 21 1 44 44 6 28 25 24
26 47 53 44 24 41 20 65 57 1 66 37 32 68 11 66 43 28 23 27 33 72 43 65 57 19 5
54 35 17 56 62 44 36 42 35 52 42 70 77 70 3 31 53 46 73 71 29 53 29 43 3 7 31 72 69 7 46 2 46 7 63 53 4 44 10 67 6 39 0 40 36 31 73 57 59 8 35 12 77 24 42
46 7 75 2 58 37 66 13 2 29 62 38 27 69 61 20 55 15 1 49 25 18 76 33 32 68 21 51 25 43 31 39 44 67 68 79 10 35 12 50 79 21 27 37 37 33 22
62 75 72 58 77 19 29 46 31 19 70 35 23 20 19 38 0 1 38 16 37 29 54 78 31 43 64 61 26 9 5 0 6 55 50 4 11 27 51 19 11 13 7 21 63 30 60 58 62 64 57 50 72 16 7 12 60 71 58 55 69 37 37
29 43 65 5 5 59 49 54 13 74 60 11 29 73 5 69 7 71 43 55 54 76 4 2 51 2 31 3 15 54
62 31 48 3 61 13 34 73 58 16 66 54 58 70 52 50 53 59 15 41 32 10 49 71 39 50 57 14 5 51 53 55 16 51 41 33 34 79 49 60 16 28 39 1 33 55 73 51 42 51 62 24 48 57 67 30 69 57 42 13 8 28 30
47 41 26 23 2 4 31 36 67 77 11 2 67 25 58 15 50 11 34 60 37 44 41 48 7 38 63 38 57 68 4 59 40 53 39 29 22 73 77 61 15 71 68 46 46 16 39 45
77 21 45 71 69 71 58 20 58 16 21 58 27 43 46 77 56 31 16 30 47 15 45 44 19 40 44 26 24 36 39 42 13 72 75 41 26 49 55 10 61 28 13 5 62 40 34 0 37 70 69 25 37 48 28 55 22 43 51 53 22 25 51 76 52 42 71 44 0 15 31 79 35 4 70 7 67 72
79 55 18 37 60 26 4 55 63 0 14 66 74 61 4 54 72 54 8 2 62 68 11 41 35 2 51 31 23 56 18 64 33 79 24 71 31 69 48 74 37 14 12 72 68 27 0 23 19 20 76 71 54 74 22 8 48 2 53 28 65 4 42 61 40 2 66 65 37 72 14 29 14 48 59 9 30 20 49 59
41 47 6 18 4 16 27 20 26 34 25 56 21 67 28 44 45 72 18 51 51 63 24 79 52 28 22 22 33 18 67 67 46 3 13 37 16 65 0 65 9 30
50 5 78 77 33 50 25 36 53 64 77 14 72 12 78 13 65 8 59 58 35 42 55 72 5 16 49 1 2 17 49 17 57 39 53 53 15 51 3 33 26 49 20 7 58 53 40 19 61 40 61
60 11 6 27 26 3 68 74 47 34 42 61 43 16 36 17 47 19 57 47 43 39 38 70 21 11 14 28 44 48 10 51 69 21 42 33 33 14 79 46 75 72 24 67 14 70 41 56 47 46 73 44 9 22 54 47 7 36 27 24 61
76 35 50 44 76 30 9 40 18 42 19 51 33 26 39 51 28 49 27 43 57 39 49 15 53 38 22 46 72 63 34 35 11 65 75 21 0 7 40 59 43 9 2 21 43 46 3 71 36 79 71 37 29 68 78 7 4 76 44 2 69 30 14 26 7 54 56 76 2 54 44 27 21 67 63 4 23
41 33 57 48 45 4 48 29 4 8 33 5 41 66 16 30 71 3 44 13 17 26 39 41 1 64 3 44 44 60 28 0 29 32 29 71 72 54 59 56 49 76
28 6 60 26 1 61 31 32 11 29 45 7 2 34 52 75 76 46 22 10 61 71 49 19 7 24 58 21 19
43 16 9 50 78 5 79 79 32 49 56 49 47 58 0 40 55 12 8 28 36 53 23 27 33 58 67 24 33 28 70 79 34 69 13 6 46 41 24 38 77 66 12 27
53 79 30 68 23 60 18 79 34 35 30 20 54 7 59 50 7 42 2 73 38 68 49 26 1 56 9 79 4 22 72 15 65 65 48 60 48 54 78 69 7 52 40 25 60 2 15 53 13 45 51 1 16 19
12 7 62 58 26 24 0 10 8 0 46 31 60
45 67 47 24 29 0 5 55 34 48 45 7 2 56 74 34 75 62 65 64 50 2 50 38 69 3 66 34 24 39 39 27 56 51 1 28 67 63 77 6 48 27 59 30 60 39
42 38 66 21 10 28 74 44 26 60 39 53 36 73 21 37 66 63 79 65 18 19 40 33 67 17 15 44 11 4 33 6 44 5 77 60 65 0 60 27 45 67 78
54 58 22 49 76 33 1 2 3 72 8 12 55 39 69 60 65 45 47 29 44 7 48 43 31 13 22 37 69 57 20 24 71 9 25 64 79 43 53 76 24 7 1 62 38 20 24 70 37 15 8 61 37 39 7
41 22 50 20 69 52 57 29 41 37 34 1 23 9 47 78 36 19 9 48 30 38 64 50 46 21 39 63 11 32 38 64 36 76 77 6 31 8 73 30 33 27
63 72 22 65 7 67 22 60 63 61 51 11 27 19 5 65 29 41 27 77 26 0 59 36 32 26 12 63 44 22 7 48 65 16 13 40 5 71 37 55 63 62 27 14 45 53 57 52 8 43 34 33 27 37 1 7 41 71 8 55 77 37 15 69
60 79 11 48 32 77 70 42 13 56 76 42 59 60 7 69 44 52 64 36 68 45 51 9 2 46 65 78 32 42 78 54 27 36 53 57 36 0 34 79 76 3 47 78 26 21 55 38 0 6 18 34 4 61 25 30 13 13 4 61 76
18 60 25 9 58 49 40 69 47 24 32 33 20 48 32 33 72 68 5
78 68 12 75 32 35 79 56 49 67 28 48 6 21 12 26 72 49 14 34 21 11 64 78 74 21 2 59 62 40 35 58 76 20 63 26 16 74 15 37 60 60 6 50 1 7 71 66 25 16 19 35 45 73 70 17 6 6 67 35 36 10 43 2 35 65 9 16 30 65 55 10 17 28 67 11 41 66 54
39 46 76 67 66 66 35 6 18 52 28 76 42 26 25 55 25 13 46 75 41 43 75 12 57 43 23 5 37 63 10 6 61 11 20 38 0 14 6 58
47 44 31 5 32 24 1 74 50 8 39 12 72 3 8 1 61 44 48 59 37 73 56 39 72 47 42 8 14 44 41 42 79 62 51 11 76 4 73 62 76 22 1 58 24 13 28 73
71 35 73 43 55 51 0 5 64 14 42 62 33 67 23 34 49 37 6 13 3 65 76 59 60 36 27 24 22 4 52 62 6 33 58 33 61 60 26 62 47 16 28 69 27 15 66 63 39 22 3 2 62 54 78 62 61 32 57 52 40 0 12 29 33 31 63 30 53 77 19 53
60 37 14 39 71 59 61 64 15 6 53 79 32 58 3 73 30 65 65 46 24 53 6 77 72 8 65 66 19 65 55 63 39 74 45 45 66 49 12 20 62 43 53 10 60 50 5 38 13 49 43 27 63 51 51 68 12 26 49 28 41
66 78 79 50 47 72 30 60 38 49 44 0 9 33 13 78 65 55 79 64 6 69 79 17 30 26 57 44 69 21 79 3 41 56 40 28 15 54 17 63 29 33 50 1 23 34 4 67 8 30 75 48 18 73 49 14 65 37 77 30 54 74 4 52 49 11 23
42 1 47 51 42 73 7 6 59 75 50 48 64 55 8 37 10 2 60 75 44 53 37 67 15 35 75 14 49 1 44 15 2 73 62 43 65 28 58 62 79 68 11
25 12 47 20 31 4 1 40 51 23 53 73 20 19 46 37 46 23 25 3 67 79 0 28 23 42
33 8 4 73 20 47 43 53 35 9 10 12 22 15 79 45 61 20 28 13 52 75 66 39 75 20 5 0 16 72 47 17 10 70
16 28 59 28 54 41 67 23 18 42 73 23 76 17 10 12 31
34 79 68 21 69 8 68 10 74 68 68 18 62 43 40 0 33 69 78 9 37 31 7 11 3 68 34 1 74 58 41 10 78 39 12
2 48 4
60 64 18 14 22 29 60 1 12 28 24 16 70 42 78 73 24 17 8 71 47 57 5 8 8 15 11 28 6 31 9 77 67 39 24 22 4 15 26 18 52 20 21 67 56 71 62 55 61 18 12 69 52 44 17 40 33 56 54 22 33
46 48 41 70 4 17 55 46 21 20 50 23 17 30 62 30 48 29 7 37 44 40 79 27 36 45 2 37 36 26 42 47 20 72 13 22 72 79 36 65 2 58 43 74 33 11 68
35 63 42 24 52 54 38 12 67 53 27 43 48 56 3 27 46 66 33 7 18 52 77 42 67 47 23 7 60 13 12 24 20 26 66 52
60 68 45 70 53 6 56 18 49 20 23 38 50 55 62 26 66 73 50 38 77 31 43 11 60 26 7 65 44 10 58 35 75 44 52 26 17 16 55 33 64 28 69 30 73 63 3 41 73 75 75 38 78 75 76 63 19 16 34 59 62
64 48 75 0 75 47 58 67 15 38 74 34 16 66 76 46 42 10 14 7 53 79 60 48 77 58 77 79 26 56 11 66 69 39 78 59 17 38 3 24 21 15 5 39 76 25 51 42 1 21 7 23 67 21 36 5 65 17 27 50 72 6 65 71 25
28 12 39 48 9 8 36 19 48 21 14 43 66 31 71 3 59 35 43 20 33 14 15 62 24 0 47 59 71
79 67 5 10 25 49 2 65 2 47 79 77 18 72 35 60 79 65 46 73 36 74 1 39 38 51 14 8 65 20 60 56 35 67 4 44 13 2 60 12 25 34 16 11 65 57 8 1 26 60 55 64 5 68 63 71 70 39 8 32 38 59 7 44 48 41 63 48 29 42 53 44 71 1 20 17 11 71 34 15
18 76 35 70 1 59 11 72 44 23 78 42 51 5 67 48 79 0 35
4 75 12 23 5
17 15 22 44 71 75 40 20 12 43 34 13 57 39 51 49 14 31
53 63 53 43 73 64 74 62 5 72 19 23 24 1 43 7 69 32 26 78 34 48 35 40 3 79 41 33 6 72 23 24 31 40 49 39 42 30 65 13 70 67 10 66 34 65 23 50 78 6 10 0 67 53
4 2 73 31 70
66 13 61 61 40 58 37 19 49 15 47 66 26 25 24 48 5 37 11 72 26 18 60 77 56 27 13 13 4 52 28 32 57 50 29 7 9 75 78 57 56 18 74 24 78 49 3 9 40 26 47 59 1 14 60 3 64 6 21 37 15 39 26 5 40 14 34
15 60 28 24 63 20 20 42 26 67 34 6 56 72 61 8
3 69 30 57
65 61 13 66 13 26 73 61 25 15 17 44 59 5 18 78 71 1 64 55 63 74 9 32 21 26 74 5 38 47 77 7 47 33 14 37 34 70 50 33 12 65 3 64 26 20 4 60 71 12 55 29 73 22 71 46 34 24 7 34 31 68 63 28 2 21
47 16 46 18 75 64 59 24 17 43 8 66 2 74 55 15 66 69 77 29 72 68 9 64 49 79 20 2 37 36 9 74 56 18 73 17 42 18 21 72 6 65 72 73 17 38 62 15
6 45 22 70 0 23 8
69 9 2 79 43 46 25 70 55 18 76 68 49 54 40 17 46 72 7 29 73 13 39 40 14 46 32 52 72 78 69 9 18 57 60 8 17 21 38 24 67 76 72 50 24 26 33 74 67 66 68 58 20 36 8 47 59 14 37 38 58 56 56 16 68 65 62 41 15 41
58 78 5 76 67 5 77 67 18 38 16 2 69 23 77 37 8 38 32 50 40 2 16 3 1 42 22 22 56 77 21 28 56 66 6 67 18 53 67 8 74 42 8 51 3 17 74 0 32 30 38 74 42 42 74 13 8 47 20
30 16 5 58 21 63 56 70 43 35 20 23 73 73 6 51 51 36 50 3 23 4 64 14 36 21 57 16 14 33 0
15 23 41 49 10 9 61 73 69 74 1 10 74 51 17 70
42 66 79 29 22 13 36 26 33 68 11 21 26 15 26 33 67 65 65 76 11 43 61 65 50 65 36 48 75 29 68 33 3 23 21 47 23 56 7 13 63 7 54
10 14 38 46 43 29 4 36 75 73 63
77 2 40 45 68 13 29 12 24 67 20 27 12 66 15 67 53 60 56 3 8 13 65 8 55 2 54 29 1 32 8 12 70 58 2 46 17 66 32 1 35 61 39 9 69 28 54 69 76 25 2 24 24 74 39 2 4 57 70 49 16 36 28 71 3 14 5 71 33 34 70 39 29 29 66 15 76 71
67 71 10 26 50 5 33 29 57 4 35 56 34 10 7 56 61 56 0 51 10 4 36 52 76 47 70 46 46 34 7 0 62 12 31 37 16 57 54 44 37 52 57 42 51 43 20 27 72 65 59 13 75 47 58 56 49 37 27 70 29 6 73 40 23 75 10 58
64 27 28 26 49 14 18 48 1 1 2 5 66 71 53 2 24 74 68 19 44 57 76 46 6 20 52 52 25 17 17 55 12 63 47 43 62 36 36 11 36 5 29 79 66 76 26 10 1 35 45 61 75 59 12 41 12 71 16 59 45 26 48 7 29
24 11 15 36 51 77 15 58 72 69 0 1 36 56 6 31 49 28 66 70 63 57 58 47 70
38 7 12 54 48 36 10 4 75 12 35 39 21 77 57 10 25 31 75 13 59 29 6 67 38 23 26 75 4 71 36 44 16 75 1 15 38 76 75
63 2 62 55 10 10 68 43 50 61 53 28 45 30 54 37 72 29 33 75 78 6 37 57 35 49 0 39 17 28 15 45 61 79 74 50 27 48 8 16 8 78 45 42 33 7 24 4 0 59 29 41 26 10 20 1 15 16 39 78 57 66 9 6
54 41 5 71 72 79 27 1 39 68 75 17 1 1 56 45 30 5 50 14 64 12 35 12 59 73 30 50 46 22 61 61 62 67 26 68 65 42 55 19 28 40 23 20 32 57 27 7 52 63 12 70 74 69 8
23 40 47 13 14 41 11 73 38 7 11 56 34 39 31 46 0 25 1 41 15 77 23 64
53 66 33 26 52 34 75 13 65 28 3 43 64 41 71 4 51 32 13 31 4 75 68 8 75 61 76 11 75 55 22 70 65 51 7 38 25 57 70 78 33 21 54 34 26 35 57 9 29 30 50 6 23 14
57 57 39 28 57 75 17 37 28 39 39 2 62 75 12 13 17 77 7 8 26 70 3 21 75 27 50 57 74 68 27 33 15 23 73 27 40 7 17 37 32 66 31 2 48 46 71 79 36 5 17 12 26 6 57 51 71 58
4 66 8 76 21
41 43 55 14 53 21 55 41 73 10 58 20 35 42 43 48 23 71 14 65 18 71 70 54 51 24 9 19 24 35 61 78 15 46 25 67 20 75 32 50 59 14
23 53 51 2 41 49 46 78 63 63 45 20 47 1 7 19 20 8 26 38 23 20 78 0
20 78 6 63 24 55 57 9 9 63 19 0 23 34 33 12 24 46 79 13 45
21 30 23 27 8 43 22 55 16 10 77 1 10 47 12 42 57 20 6 44 64 66
23 6 51 15 31 54 0 14 2 19 36 34 58 36 71 4 74 43 4 65 43 2 72 46
4 23 52 50 2
3 68 17 73
73 47 45 11 66 2 32 10 3 19 36 49 53 74 25 14 11 39 15 51 17 18 79 60 30 56 51 39 33 65 45 38 63 76 11 71 23 18 55 66 38 9 2 35 10 19 11 48 72 40 6 21 28 20 22 33 57 6 12 62 41 72 46 23 41 23 76 3 46 6 3 72 1 38
34 62 63 15 68 63 45 31 48 69 75 26 70 52 23 23 52 64 6 26 61 22 35 23 29 10 61 14 17 73 26 47 15 78 65
8 75 31 48 78 4 78 2 54
3 2 62 79
69 12 11 23 3 0 75 69 39 1 48 34 73 8 45 36 2 19 52 58 78 18 28 59 14 3 52 60 51 71 22 36 35 1 60 7 68 69 66 24 51 21 45 52 57 71 13 14 51 36 8 7 5 56 79 79 76 36 41 13 43 10 46 17 42 79 24 38 6 54
61 4 7 7 30 55 6 9 49 43 35 24 70 32 20 54 57 76 50 14 46 34 58 43 77 22 67 77 72 14 60 7 72 75 74 9 76 56 7 41 62 68 20 34 29 35 55 33 72 79 37 56 44 54 60 42 42 13 33 3 15 0
20 34 72 75 43 33 13 15 9 50 41 53 42 35 25 73 41 4 49 54 4
20 65 12 12 78 62 13 43 5 65 40 30 26 74 69 45 36 75 26 55 61
9 78 2 6 14 73 70 5 53 76
23 33 31 76 33 76 36 22 78 14 31 14 10 49 62 45 69 44 62 28 32 30 8 18
62 40 31 40 43 20 9 71 25 27 37 5 58 60 17 31 38 69 41 22 11 45 19 47 79 70 74 46 45 43 21 22 5 25 15 39 19 79 23 35 10 34 18 34 77 33 11 1 70 74 56 74 5 26 25 4 15 38 45 19 63 24 23
14 4 29 12 55 38 40 64 29 17 61 29 66 31 63
60 66 41 56 7 68 31 46 69 48 1 68 77 28 18 34 8 20 59 0 59 63 50 14 0 60 75 75 49 70 71 22 22 26 65 1 23 32 9 50 10 64 79 28 17 33 43 58 2 74 3 71 6 67 62 41 11 26 16 56 12
57 58 51 31 41 54 57 78 18 43 1 16 27 35 13 57 42 45 55 46 75 43 56 5 31 19 0 65 34 14 50 31 8 23 9 65 9 64 45 8 76 35 31 31 70 55 5 16 60 4 33 8 49 42 46 19 60 5
57 34 22 40 54 40 48 70 27 22 55 63 78 28 12 4 1 39 24 10 43 21 76 8 6 65 8 63 31 58 24 62 52 50 35 75 50 74 13 42 77 77 13 61 64 33 17 22 59 55 67 38 30 42 34 76 29 55
75 43 54 6 46 8 45 76 21 10 78 1 26 70 75 53 3 24 61 32 31 52 43 49 44 68 15 39 27 57 35 38 78 21 12 12 44 14 61 4 20 26 66 78 20 47 19 24 72 22 21 54 19 18 30 67 27 72 56 21 73 42 24 28 27 75 62 19 52 64 36 45 2 70 48 69
45 15 39 16 35 7 46 25 32 42 41 39 36 46 0 31 36 51 20 46 52 15 65 15 29 73 0 33 40 53 58 59 32 6 25 60 7 48 29 24 19 59 8 50 26 7
57 43 58 20 18 37 2 8 0 17 56 8 43 17 45 43 70 11 67 14 20 68 40 62 64 66 20 47 6 25 30 4 79 39 18 65 26 48 49 27 33 13 12 10 69 59 43 68 76 71 32 28 73 50 56 57 72 46
60 74 13 21 74 24 44 24 6 79 73 32 11 6 65 4 74 19 30 23 77 37 69 46 58 24 49 1 3 20 22 1 47 78 52 28 57 31 9 18 19 14 8 21 76 24 1 57 42 54 10 17 16 32 41 66 36 67 49 55 71
63 5 0 74 15 69 57 19 13 9 12 47 40 55 62 24 20 29 74 35 69 4 70 21 9 50 10 26 34 64 63 67 71 50 29 66 28 70 43 30 2 33 0 64 63 2 9 23 44 51 51 22 63 3 60 70 29 4 14 72 0 34 48 8
25 68 25 78 10 77 38 6 25 5 68 73 30 14 50 51 15 57 5 71 70 48 75 66 15 30
39 25 33 27 22 41 22 71 11 48 48 9 79 77 10 36 50 71 25 68 57 51 31 43 29 45 69 35 16 46 41 56 13 22 63 52 22 46 65 2
59 40 61 66 55 76 20 35 27 61 50 58 58 46 23 4 46 48 42 53 2 52 50 2 40 60 22 19 35 76 51 37 23 24 5 53 39 66 72 45 42 22 12 20 47 43 38 27 66 19 76 43 78 30 49 65 19 50 23 64
62 69 29 52 6 48 32 22 37 71 55 1 38 17 38 23 54 42 52 75 0 1 9 4 65 26 6 35 59 19 34 59 41 62 7 57 17 2 13 42 51 34 43 73 73 20 21 65 32 29 74 43 73 27 16 73 61 72 44 50 25 43 2
56 78 21 24 34 49 54 23 37 9 31 19 78 28 1 54 49 52 56 8 65 72 31 31 18 42 9 26 60 51 29 0 29 42 50 48 62 29 62 62 59 69 5 8 18 71 55 52 4 38 0 48 32 54 67 77 51
16 67 0 65 52 59 55 25 14 44 46 63 51 38 31 0 60
59 13 8 59 76 44 58 74 24 47 45 25 23 39 37 28 48 28 35 68 48 77 36 11 20 70 26 45 59 56 33 6 79 17 9 72 12 75 13 37 13 2 30 75 60 1 75 71 67 60 35 56 68 17 3 47 39 53 17 17
38 21 14 73 38 11 8 45 72 6 12 29 5 45 69 5 66 25 16 13 22 54 68 32 13 56 62 55 43 36 16 40 3 11 17 68 66 34 16
67 6 59 62 46 41 9 23 5 26 73 34 76 40 19 54 18 51 27 48 16 45 60 71 13 49 72 24 16 44 69 51 52 41 14 55 53 19 40 38 54 62 14 66 4 1 37 26 59 76 0 14 21 63 77 34 60 0 10 77 0 19 20 55 30 50 24 79
28 4 35 14 12 51 37 65 17 51 46 19 72 47 52 34 7 29 20 44 19 63 69 31 66 54 8 13 44
19 40 64 75 33 33 76 38 39 73 16 37 0 74 78 50 69 59 64 7
27 1 14 20 63 49 46 68 66 69 76 25 36 7 0 56 51 21 70 72 13 40 7 68 40 5 65 10
52 61 32 50 61 36 16 0 51 24 24 59 71 76 36 73 61 2 22 20 36 25 53 43 47 77 72 43 61 71 20 20 30 34 34 73 55 60 20 40 75 34 74 40 5 31 66 51 7 78 19 71 13
1 63
40 76 20 35 58 7 10 49 78 52 14 51 43 48 59 57 46 62 3 7 26 34 45 64 36 48 16 40 36 70 54 75 50 68 15 16 47 76 37 0 53
48 28 8 19 29 28 77 58 7 63 67 46 31 56 75 33 71 37 52 43 57 10 66 13 32 32 7 72 21 57 21 75 25 50 24 64 67 3 29 6 75 67 57 48 49 35 65 12 25
55 31 21 42 36 38 24 20 48 15 47 20 74 18 23 20 39 32 56 49 31 28 67 28 33 61 47 30 52 34 63 0 55 12 67 25 45 8 55 71 33 6 43 74 51 16 39 70 49 37 79 50 23 62 11 77
51 74 30 75 51 58 72 2 73 72 44 53 63 10 42 57 41 29 60 21 32 60 9 69 19 50 45 70 17 29 65 14 39 42 58 21 39 72 6 44 5 75 28 25 50 4 78 38 29 47 32 14
29 75 3 43 2 69 64 13 39 54 18 32 46 22 68 43 60 74 38 72 41 72 56 71 69 6 68 36 41 29
45 18 12 3 73 35 58 9 39 5 21 65 44 41 45 4 61 30 31 28 15 34 18 18 0 2 54 60 73 50 29 10 73 17 22 64 78 51 64 70 79 38 36 64 20 36
36 9 78 14 4 36 33 9 16 68 69 47 38 11 51 8 48 21 52 64 15 3 61 0 19 39 29 69 59 1 4 65 31 66 64 43 66
57 4 28 25 52 65 47 33 45 13 33 6 9 6 64 18 30 69 66 18 59 41 63 1 69 24 55 26 35 17 16 76 71 24 38 78 0 1 74 55 67 74 59 35 62 66 13 45 9 45 26 48 15 66 24 1 44 59
66 8 59 32 22 18 38 3 55 3 13 6 65 53 65 56 5 0 25 62 4 72 3 43 12 54 4 42 67 71 47 40 47 79 61 52 51 48 62 44 19 7 58 45 59 46 2 5 74 42 44 37 52 67 43 61 74 77 11 39 65 56 22 46 8 19 30
27 2 34 15 50 57 0 26 23 58 33 71 5 36 14 7 44 72 2 14 17 48 54 3 25 29 1 15
35 59 0 62 25 65 58 46 8 73 12 21 32 7 7 68 78 20 4 59 63 73 37 34 40 61 16 63 32 41 20 63 66 3 30 42
18 31 25 78 45 33 14 52 18 24 0 61 62 73 31 12 29 42 14
20 17 6 69 33 13 46 32 20 57 31 7 2 7 35 39 75 23 60 71 59
29 73 70 64 5 42 59 29 22 19 61 7 66 10 32 55 44 1 74 41 14 24 39 6 10 27 29 6 34 72
18 54 36 18 9 8 50 51 22 5 38 69 25 0 50 22 4 52 46
28 4 67 64 47 15 64 49 30 63 6 12 74 62 15 15 24 29 38 49 72 11 67 43 42 33 31 60 28
76 40 41 18 32 27 33 67 3 71 75 45 51 23 10 33 12 17 74 27 70 26 11 50 57 39 17 8 50 18 16 34 6 40 1 51 53 31 32 14 70 39 10 42 35 63 18 5 5 27 38 69 26 69 68 49 72 6 72 39 78 48 18 29 46 78 14 0 0 17 77 66 24 67 5 15 52
39 33 67 52 31 64 51 54 54 44 43 57 49 67 5 74 20 33 54 33 48 61 54 59 75 11 71 7 75 3 55 12 39 20 6 69 56 23 57 40
7 38 18 18 29 66 17 68
8 37 61 27 58 6 6 40 20
8 1 33 67 42 29 68 20 60
11 74 50 56 69 53 79 44 75 31 70 34
28 49 53 49 35 68 34 0 16 6 54 39 7 55 26 33 51 0 24 27 56 5 49 26 20 60 54 30 58
63 13 7 0 59 77 38 48 56 31 59 71 44 16 58 14 76 47 57 21 8 15 33 42 30 59 36 68 45 40 1 76 43 58 18 73 37 70 12 23 26 1 54 50 10 50 51 58 50 58 27 31 42 32 41 39 66 58 13 18 5 29 35 18
27 59 33 69 20 66 18 71 68 48 0 35 64 64 16 3 12 2 10 17 63 47 50 47 25 37 65 75
79 55 19 66 4 59 62 39 40 40 52 14 5 73 77 58 33 3 55 23 3 2 74 60 58 57 34 47 74 29 1 6 24 41 43 55 69 33 53 52 25 15 63 65 20 9 76 38 47 55 33 42 59 47 22 46 49 39 21 31 19 59 42 27 38 47 33 70 75 68 4 40 54 62 64 8 77 45 61 32
56 8 20 62 29 11 18 79 42 7 68 63 42 39 13 28 68 64 27 37 38 73 64 64 73 43 8 63 47 12 70 61 9 4 6 66 68 34 48 17 7 77 45 79 72 41 49 47 2 41 72 24 64 67 78 1 3
65 21 33 16 14 15 58 21 75 79 22 39 3 62 9 43 53 21 33 18 31 1 4 42 33 67 16 54 69 78 7 43 36 1 67 31 28 34 76 8 35 58 55 70 3 1 46 63 37 65 23 7 77 56 29 50 79 51 46 5 49 14 13 0 53 18
36 12 57 69 0 48 53 20 3 66 79 69 45 0 9 63 73 30 78 21 5 3 39 60 61 34 21 40 29 42 17 67 35 60 60 4 35
13 75 15 7 52 22 22 19 53 21 72 13 20 54
41 15 45 1 21 20 78 6 74 42 13 15 0 59 31 41 61 53 11 22 44 53 18 51 29 43 43 49 22 63 28 48 11 62 53 19 52 66 6 69 35 37
11 47 46 7 1 37 50 6 12 23 67 53
6 40 15 47 72 7 7
8 41 28 60 45 20 2 56 72
3 31 77 50
2 24 59
27 61 7 31 63 33 56 19 29 28 43 75 59 30 58 24 43 46 0 20 48 51 59 40 61 66 18 32
36 69 54 4 35 59 63 2 69 79 52 17 70 46 9 48 56 46 29 48 59 73 17 39 36 51 69 49 42 17 47 46 77 9 2 46 57
41 74 27 42 33 26 41 13 66 39 20 39 57 36 70 54 36 50 0 76 13 64 55 1 47 54 28 45 46 43 29 41 62 55 77 74 52 9 60 43 32 31
16 34 78 8 57 73 34 69 66 77 16 54 50 31 25 39 9
60 23 48 29 59 47 44 28 42 15 23 48 59 46 30 18 79 57 64 56 18 51 67 44 34 6 14 77 68 12 10 11 27 39 1 23 18 68 4 34 59 16 6 78 32 65 0 20 44 15 38 29 26 55 23 8 50 0 50 77 8
22 41 41 52 69 67 63 17 79 43 38 37 77 5 38 31 43 24 70 25 59 30 58
47 29 42 77 25 56 29 42 37 24 35 35 66 69 36 36 34 7 51 19 45 14 40 78 79 17 69 33 48 78 69 46 0 11 0 54 73 76 75 13 46 16 54 58 3 79 79 50
50 35 72 69 79 0 40 68 38 10 66 34 15 49 43 61 46 79 73 52 51 9 55 56 52 29 64 5 64 51 46 78 1 79 59 11 46 0 79 36 11 73 5 75 34 25 29 1 28 43 31
44 27 42 29 55 10 37 40 63 30 76 32 60 18 25 32 0 22 5 41 13 68 2 0 20 57 5 1 46 15 6 29 17 4 9 61 0 4 33 7 2 43 66 7 23
70 58 69 19 78 70 37 54 71 59 56 29 0 45 67 73 30 72 19 47 27 1 57 79 12 68 76 16 69 47 76 49 51 23 15 27 37 69 19 22 65 11 61 19 30 16 56 26 16 34 43 45 3 64 28 78 52 36 1 70 37 36 66 12 12 9 38 6 0 26 22
43 71 0 27 10 11 27 46 71 36 77 47 49 58 38 15 50 72 27 35 3 21 43 49 23 59 53 5 15 68 1 16 17 62 27 20 69 77 20 4 78 35 39 49
49 34 34 41 35 49 76 33 11 57 34 14 38 13 52 73 67 67 53 63 44 17 16 25 60 61 45 66 45 79 43 7 32 19 1 14 32 68 6 14 30 45 47 18 72 28 49 49 28 17
69 70 25 72 50 61 14 29 55 57 16 29 1 6 74 26 22 39 63 29 46 17 42 6 78 17 74 32 54 72 74 28 52 13 39 24 77 6 48 13 54 42 60 2 57 11 67 60 77 3 5 34 42 67 78 48 36 49 8 15 48 49 60 77 2 51 54 7 36 0
1 61
73 37 60 59 45 10 69 64 23 25 53 33 43 27 8 3 66 34 76 14 28 29 79 38 52 73 13 54 9 56 61 62 51 21 38 20 13 0 76 30 33 35 15 21 48 8 72 78 44 44 55 13 79 66 42 9 29 6 34 57 3 1 79 60 11 75 78 70 1 71 66 32 32 25
5 17 21 44 14 57
52 58 67 15 28 21 34 78 10 27 24 10 6 38 33 29 46 43 13 27 23 43 1 60 46 70 49 44 34 33 65 21 76 12 15 61 72 55 8 25 23 3 54 23 8 29 16 19 50 47 45 10 19
25 77 58 34 7 6 68 78 49 55 15 50 63 14 30 2 44 24 75 42 73 10 66 34 7 56
23 24 56 48 53 1 66 70 41 8 8 35 74 45 2 21 22 25 11 8 16 46 65 64
61 24 72 74 53 10 9 59 0 55 29 57 75 66 46 48 66 19 16 77 15 37 28 73 75 33 49 19 4 53 14 21 13 49 78 23 32 13 76 45 33 70 57 7 47 44 10 31 25 48 12 11 35 4 37 19 61 46 6 6 6 56
73 31 26 76 45 52 78 45 27 22 68 64 50 67 60 29 9 21 48 73 43 54 78 58 16 74 5 6 48 78 40 30 37 45 10 67 25 33 75 46 22 36 31 61 68 60 17 18 29 30 28 33 43 41 78 2 53 12 22 1 22 45 0 19 58 1 0 53 20 58 10 35 36 35
68 76 53 32 22 14 5 24 30 13 29 36 32 66 15 79 26 76 46 9 42 66 37 65 45 12 66 26 36 52 61 21 52 74 53 78 10 75 51 64 1 41 21 18 38 37 53 28 66 76 64 69 58 28 75 63 67 57 8 27 48 76 35 69 40 61 27 73 76
37 53 78 13 2 57 41 15 20 75 2 58 14 32 68 61 55 71 43 38 75 30 26 67 67 27 13 55 76 34 4 61 0 62 33 10 32 61
46 28 23 36 7 71 9 30 60 28 2 56 32 34 40 7 7 10 50 15 4 19 66 38 44 69 46 25 29 42 71 33 69 43 44 31 79 1 37 66 20 69 38 9 11 14 10
56 77 48 1 19 13 47 28 51 50 79 72 40 4 60 32 72 0 30 62 31 60 51 5 24 62 51 79 37 56 13 69 44 79 55 14 53 70 54 62 21 56 77 16 78 10 38 20 79 17 58 78 64 62 74 71 7
36 14 19 45 32 76 56 47 30 61 27 43 49 57 41 40 62 42 37 57 74 12 37 2 48 32 11 76 41 33 79 14 20 69 17 78 14
43 2 17 78 10 35 17 10 78 18 56 68 54 66 64 3 79 5 5 51 35 49 62 63 2 48 53 29 34 79 79 21 79 63 36 57 74 58 25 17 14 2 27 0
20 64 65 59 23 26 59 37 11 12 5 6 38 52 71 49 69 29 32 51 65
25 41 79 34 7 16 27 42 35 49 45 18 77 71 65 8 30 46 21 19 74 2 79 38 0 2
59 26 79 15 7 79 4 40 64 26 29 56 73 50 6 30 44 5 1 30 47 25 73 27 54 63 40 31 39 71 51 58 9 43 0 34 7 7 19 30 19 71 18 74 21 16 23 61 30 56 69 9 66 16 45 3 67 71 27 69
61 51 46 48 5 41 77 51 71 35 11 4 8 30 32 56 76 31 60 25 16 25 30 52 6 16 49 3 25 44 43 61 6 17 17 74 15 68 39 9 74 62 0 77 14 2 51 6 42 7 32 68 64 70 54 5 13 24 36 43 73 59
10 10 57 62 24 54 3 8 3 60 13
19 28 77 74 0 27 50 34 9 66 1 70 22 14 39 11 69 39 11 2
37 38 17 77 13 30 25 28 3 72 75 8 12 78 58 71 21 11 52 55 47 41 38 53 28 8 39 27 54 42 27 41 48 77 23 12 1 44
35 61 79 60 43 61 55 75 7 69 63 8 78 13 37 70 73 71 63 65 52 56 22 55 26 76 79 36 73 18 53 31 76 56 50 57
35 57 19 39 53 13 42 34 17 23 36 32 78 63 4 24 50 53 21 51 2 15 78 53 47 5 78 29 44 16 57 11 76 68 28 3
66 12 29 26 54 61 60 31 23 51 7 29 13 25 58 51 44 48 75 77 69 3 31 64 21 29 44 0 37 34 46 12 60 62 3 60 4 73 54 11 17 42 34 60 74 41 39 26 39 48 24 9 59 17 14 1 75 45 58 57 21 37 45 37 78 1 79
16 5 23 59 77 61 11 46 68 6 54 49 38 40 49 45 24
53 42 66 10 13 72 9 23 0 78 23 20 56 73 20 10 72 72 68 42 43 39 65 72 74 1 20 77 1 21 34 37 45 6 0 13 50 68 12 7 21 49 20 60 68 52 69 38 6 70 53 12 56 20
53 70 46 77 32 39 24 49 27 6 55 50 72 6 31 10 56 37 15 61 30 59 31 51 28 44 68 63 35 28 17 75 27 41 52 56 33 67 65 36 24 78 59 35 24 48 0 28 41 7 30 74 34 36
20 79 20 7 58 47 42 53 3 20 66 55 38 55 8 10 69 6 27 25 19
46 18 76 72 6 57 74 72 61 65 24 17 33 9 17 43 17 50 34 43 9 64 51 31 51 64 59 63 59 26 58 1 22 5 42 40 55 48 64 77 11 38 0 66 0 60 21
58 36 13 9 48 62 8 77 58 38 8 15 48 0 57 33 34 43 71 53 67 48 10 45 5 31 63 36 42 61 8 36 26 3 76 19 68 21 43 38 10 75 7 10 36 17 37 34 33 70 51 0 57 19 74 31 76 78 2
63 23 46 74 65 68 9 75 37 25 15 7 26 52 30 9 2 13 61 17 9 64 44 63 47 73 11 27 60 51 70 9 70 1 44 65 29 5 21 5 20 68 20 30 37 32 79 53 6 9 19 13 4 70 34 49 31 66 57 18 14 24 18 47
11 34 59 38 53 24 78 44 2 53 16 6
21 40 41 56 67 40 24 7 37 45 38 17 79 35 28 31 24 47 62 3 66 60
61 42 66 48 70 59 8 21 57 67 69 12 0 41 66 12 31 69 7 3 28 7 52 62 59 76 25 39 27 41 25 1 60 25 19 60 1 61 66 68 79 23 67 37 29 21 19 39 27 41 10 45 6 67 29 33 62 69 68 18 57 22
46 10 51 9 59 42 67 21 66 42 3 44 58 56 57 51 43 46 2 30 66 0 58 33 50 49 32 67 1 16 8 40 38 53 58 35 27 5 2 20 71 18 45 73 56 37 26
22 41 38 78 48 34 20 13 3 74 20 37 44 49 51 58 2 44 47 16 68 57 18
61 38 14 58 31 22 71 22 40 48 21 1 23 25 23 2 28 0 27 68 67 67 63 46 49 77 18 42 36 24 51 17 51 33 39 50 21 13 9 35 58 64 53 55 40 70 47 60 46 66 4 1 3 54 8 36 28 62 48 29 70 1
33 57 50 58 18 21 76 48 58 45 71 16 74 47 45 68 14 47 23 60 76 77 51 20 54 77 79 59 74 1 25 72 49 10
2 66 7
39 20 48 56 54 67 57 51 38 13 55 3 2 50 33 74 30 17 71 11 4 5 6 17 71 25 12 46 17 42 63 74 60 61 30 47 61 12 4 30
54 48 43 16 73 54 1 29 63 63 71 50 52 37 77 57 32 66 1 6 77 26 7 22 61 58 52 73 52 21 79 70 40 10 50 25 1 77 39 57 23 35 31 28 7 57 44 28 19 73 15 30 50 9 76
38 53 31 36 65 56 18 8 29 3 2 57 11 63 50 36 14 72 20 55 22 18 20 63 5 22 70 5 68 26 35 25 52 71 79 9 28 29 77
47 30 77 17 57 79 56 17 73 75 49 35 24 45 17 6 78 19 62 9 19 2 23 65 23 1 44 41 3 52 61 39 40 4 26 72 39 37 38 31 61 30 16 53 72 13 70 52
3 72 77 70
61 21 21 28 70 11 73 54 17 79 61 26 72 25 32 28 37 34 45 15 6 10 60 75 24 62 23 9 56 17 38 39 13 77 77 3 22 44 79 6 13 31 54 71 46 3 4 42 49 8 44 18 78 75 3 55 72 9 13 61 36 60
65 52 0 60 30 67 2 4 39 73 62 63 57 71 11 59 63 7 1 78 29 5 54 44 39 26 73 51 31 15 30 67 5 67 53 17 21 74 41 51 71 44 3 49 42 32 20 60 20 57 74 24 3 28 47 6 21 44 39 45 35 32 35 20 31 60
74 38 41 13 11 14 13 47 47 73 79 7 1 55 43 13 20 53 67 54 54 69 42 31 0 37 0 4 67 25 53 78 1 38 8 17 3 78 22 43 15 5 0 21 37 9 22 17 58 57 57 21 79 47 26 36 40 48 38 48 35 11 35 40 44 15 37 13 67 3 77 38 52 6 7
15 39 40 7 61 68 45 10 78 39 22 9 31 64 16 49
55 23 36 15 13 67 44 15 32 4 29 64 40 65 60 32 14 8 35 72 37 77 9 32 33 29 62 53 36 46 33 70 18 69 15 47 4 70 21 33 17 15 51 45 55 44 7 73 14 12 24 22 23 38 38 3
16 60 40 41 38 76 29 20 74 52 0 39 72 71 60 23 45
64 36 36 46 27 28 18 76 60 34 61 53 11 50 69 34 9 0 70 54 42 16 41 72 41 0 19 14 20 57 66 53 57 27 26 47 62 50 24 45 47 4 11 54 57 45 71 64 8 23 37 65 56 1 44 58 24 53 66 76 23 52 34 45 58
19 5 31 18 50 8 23 19 14 63 38 29 65 15 67 49 63 78 42 67
1 64
3 61 76 3
63 79 70 21 44 77 20 60 18 8 8 52 62 12 51 4 34 39 79 28 61 19 1 60 78 79 71 51 62 32 51 3 60 47 75 52 17 37 79 68 30 44 56 59 46 63 11 50 31 51 62 47 14 8 20 37 41 56 16 63 4 59 59 14
67 8 74 50 5 17 1 74 75 35 50 60 25 34 47 20 46 13 79 18 47 74 69 14 43 37 53 60 53 74 1 29 41 56 17 60 52 30 1 24 35 21 70 73 75 29 51 28 17 17 26 22 34 28 4 60 46 2 13 37 71 27 67 43 34 3 12 29
45 34 42 77 52 13 12 43 16 34 65 35 26 53 71 34 17 35 73 70 75 16 25 62 13 73 70 63 35 15 18 58 21 65 66 9 27 56 17 15 26 2 58 8 28 6
19 27 58 67 20 24 56 68 79 7 51 77 63 12 59 42 69 9 8 31
66 57 52 56 8 3 66 56 51 74 51 24 72 20 30 26 16 63 37 71 52 43 47 24 74 62 6 58 16 56 74 79 17 40 29 70 49 12 8 31 68 5 50 60 40 1 73 36 64 64 6 4 8 30 49 20 36 61 59 57 46 47 48 34 1 50 55
76 30 51 38 45 18 40 29 1 43 25 37 75 70 54 27 31 36 63 60 9 23 24 17 25 67 12 17 46 40 45 38 78 21 20 50 10 75 53 66 38 43 71 31 73 77 30 66 76 17 20 11 76 69 67 15 20 58 11 34 21 37 40 33 10 62 56 28 71 72 16 34 3 63 48 73 46
78 64 22 17 40 20 1 19 64 9 11 32 69 8 55 49 22 48 13 25 72 16 8 70 53 37 72 33 9 41 24 29 67 62 73 67 66 50 71 59 67 49 29 48 69 69 51 9 11 14 4 41 77 16 16 5 72 77 50 50 27 23 37 53 49 47 42 12 69 3 68 21 8 79 22 66 48 29 28
67 58 71 45 56 71 76 60 75 19 0 35 32 15 64 16 72 12 18 5 57 14 60 50 41 37 3 30 31 38 14 59 77 35 6 75 6 19 48 41 1 41 71 45 33 6 34 24 1 75 11 0 3 43 22 48 65 67 23 8 41 52 20 57 33 67 9 70
72 50 67 41 74 48 8 62 11 53 78 70 2 74 74 65 73 47 57 38 36 7 26 36 36 71 44 11 7 32 48 28 12 17 79 43 47 51 16 59 33 78 57 66 45 66 21 38 37 44 8 62 52 75 20 62 54 23 30 48 10 15 2 0 70 62 79 60 66 41 54 8 74
14 10 72 52 52 75 49 69 44 50 12 22 62 0 20
25 46 28 17 20 51 0 37 49 74 19 2 38 68 8 56 5 4 12 10 20 22 44 14 78 60
77 5 42 63 2 73 69 48 2 1 73 74 28 23 16 55 9 36 43 66 74 35 48 3 70 27 45 24 21 32 30 64 71 13 38 44 58 75 27 22 15 22 21 56 41 45 31 62 72 45 18 25 63 26 15 35 36 67 78 10 63 32 31 79 30 19 36 59 31 35 35 57 4 61 56 44 4 4
38 64 23 2 66 16 11 18 16 50 25 45 78 30 37 12 40 48 26 17 38 33 37 15 16 30 61 50 14 58 76 12 7 79 53 51 37 62 62
52 35 8 15 45 8 54 70 25 19 1 26 51 47 55 56 46 16 79 0 44 47 28 30 31 11 29 12 44 29 32 52 8 61 74 79 10 75 6 58 37 66 19 15 17 7 56 13 21 58 8 73 78
34 13 62 74 28 64 25 69 28 71 4 56 73 50 8 34 6 27 64 70 28 4 44 30 25 0 68 29 28 45 77 78 14 30 17
56 64 74 0 76 39 5 15 42 48 36 66 6 37 11 26 75 78 47 65 54 58 17 28 58 3 36 74 1 19 54 64 52 67 61 28 7 21 34 51 51 20 70 68 72 56 41 73 7 41 47 57 79 8 43 60 64
70 5 52 71 46 11 73 51 36 1 66 45 70 10 44 57 63 10 34 5 46 43 69 30 36 25 11 59 75 12 72 23 11 28 10 68 16 65 44 37 20 28 28 59 27 14 45 27 43 18 34 53 28 13 51 41 6 28 57 60 40 66 1 65 50 61 66 19 44 10 66
30 21 48 18 9 27 58 76 12 1 78 20 3 0 6 64 63 50 54 27 52 74 6 49 55 63 49 77 48 2 57
5 64 22 26 75 42
2 74 56
1 62
79 5 17 52 39 62 79 13 32 20 70 77 18 51 52 65 48 10 9 60 43 61 27 70 14 70 20 76 65 41 32 9 34 49 30 18 41 76 17 56 65 20 44 22 26 51 76 8 37 64 40 44 28 49 7 8 65 59 33 61 47 33 49 25 49 53 21 44 72 24 34 33 28 62 40 31 8 49 37 7
52 54 26 29 64 51 65 54 30 63 5 17 23 27 8 38 42 54 67 69 15 27 72 46 43 76 31 38 15 57 66 45 33 41 71 56 48 10 9 15 29 53 15 26 27 22 58 1 62 31 18 24 65
67 68 57 54 4 74 64 48 49 45 71 11 16 58 55 78 21 24 57 9 55 55 78 76 21 75 71 28 50 72 79 40 1 1 3 9 25 76 44 18 66 79 31 26 78 16 72 45 15 50 37 76 6 44 57 22 76 27 36 66 76 29 58 56 58 60 64 5
31 16 72 51 27 67 46 46 76 1 51 74 62 29 48 39 63 10 18 41 40 24 35 44 41 61 30 28 67 26 36 7
70 57 70 22 75 20 46 13 63 59 44 58 2 70 20 52 33 52 75 12 36 28 56 53 40 76 16 54 47 48 34 22 71 58 8 16 77 29 8 76 29 49 62 64 53 12 26 66 69 60 47 46 34 25 38 22 30 46 7 52 10 7 24 11 40 76 35 1 74 33 74
45 2 33 10 64 9 22 76 32 78 40 39 57 59 20 53 13 50 41 74 70 34 73 74 6 31 72 62 32 21 28 36 34 39 14 50 23 17 60 64 59 3 55 19 2 18
57 14 66 0 60 61 39 74 24 57 22 69 27 40 21 14 54 7 54 4 35 11 63 23 76 32 55 5 48 51 59 58 27 65 56 33 18 44 44 65 23 56 77 30 50 62 77 74 60 44 36 30 69 79 59 22 42 74
25 44 51 78 31 43 11 71 38 72 74 15 10 1 6 33 61 16 63 55 36 22 44 25 24 76
44 50 74 70 14 74 4 40 42 62 28 8 10 69 29 74 28 34 37 50 30 63 64 0 46 1 7 0 2 18 14 79 18 72 44 72 64 57 15 20 71 43 41 51 46
72 25 23 67 19 19 32 63 66 20 57 18 40 35 8 54 43 40 21 40 43 57 41 70 72 1 48 39 65 47 27 34 57 25 24 78 31 78 20 48 52 58 28 26 33 61 78 24 26 54 21 10 7 4 1 53 18 47 77 20 41 0 35 74 30 23 77 58 43 47 58 61 5
9 8 73 36 41 4 19 37 33 78
27 73 20 53 28 64 42 44 13 27 27 15 74 7 55 31 38 77 43 6 40 64 11 13 67 60 34 4
54 23 20 55 34 19 20 60 26 65 20 52 22 66 22 17 11 58 56 50 20 18 24 58 1 14 40 76 63 35 65 58 32 60 30 47 33 49 47 12 65 17 45 76 71 64 56 68 3 59 21 43 42 78 74
29 15 38 19 67 12 54 6 37 62 2 50 3 12 29 49 54 7 8 17 74 34 70 65 35 36 14 42 37 22
61 69 19 77 28 18 77 54 29 4 69 44 72 42 72 10 30 36 33 11 29 57 59 13 25 53 44 9 9 79 28 36 21 60 33 5 6 79 1 32 67 35 70 35 11 2 42 60 42 62 33 28 71 11 8 56 46 24 71 36 71 64
48 77 2 4 70 60 31 17 67 15 56 59 44 66 48 62 69 23 22 3 55 2 59 54 36 14 9 37 47 50 22 37 51 78 75 55 34 42 10 5 67 68 36 47 10 77 2 59 66
1 28
54 77 34 38 18 75 53 12 38 72 57 34 18 4 68 62 41 58 76 64 36 74 65 63 39 29 0 14 52 52 69 8 74 61 30 34 2 72 10 13 34 19 64 69 33 77 10 40 4 44 77 39 50 26 68
57 13 18 22 64 20 60 57 33 21 18 23 26 59 69 41 25 79 56 39 54 3 31 79 52 28 23 15 68 18 34 55 19 12 40 41 72 36 1 68 4 26 35 8 27 2 75 63 26 17 23 72 62 4 56 1 15 73
62 16 43 47 7 72 41 11 29 62 37 10 1 5 55 65 13 26 49 65 74 75 5 56 66 46 42 9 67 12 0 33 56 31 63 56 50 18 75 2 58 63 5 12 39 2 7 3 31 39 57 52 10 79 2 41 33 38 60 7 3 56 16
71 64 36 78 10 12 19 40 35 46 31 69 15 75 19 57 2 25 62 31 24 58 42 66 49 65 14 26 58 15 4 20 18 42 19 52 51 27 46 10 55 8 13 61 1 23 12 34 15 37 0 32 6 31 21 41 50 66 30 72 0 76 62 44 42 16 67 47 38 33 15 4
32 79 25 79 8 21 70 12 43 8 9 28 37 71 34 40 58 28 72 45 11 71 37 57 47 75 35 8 30 75 57 27 59
49 26 67 67 0 43 14 19 50 22 74 67 3 18 68 7 76 55 28 27 32 55 23 76 24 58 0 79 7 7 64 7 48 26 55 79 46 53 7 37 66 63 54 21 10 37 1 56 68 58
18 40 75 6 9 54 32 1 51 9 50 25 70 27 70 50 21 7 69
55 35 18 17 49 12 51 42 24 70 63 72 13 67 17 32 76 26 79 30 35 33 43 60 41 74 29 54 32 38 58 33 39 50 63 73 24 78 20 69 8 62 27 12 14 17 6 5 16 41 30 59 61 17 22 3
30 63 36 13 71 28 0 10 41 1 45 64 29 58 74 34 16 3 28 60 30 67 52 11 49 4 4 19 11 43 12
9 40 3 67 46 66 72 7 46 25
75 59 35 6 64 48 63 18 26 7 39 14 61 15 62 78 33 75 46 27 1 68 25 41 5 51 5 40 14 20 30 15 29 73 72 35 48 61 9 77 18 6 49 34 62 38 44 78 22 23 74 51 65 79 6 6 30 76 15 73 73 23 57 4 18 5 61 0 56 66 4 26 54 71 56 35
46 20 3 52 75 22 34 76 41 40 63 2 65 30 44 35 40 51 62 24 12 18 56 2 15 72 42 6 8 55 11 28 49 61 60 20 78 67 64 75 68 28 26 76 3 46 52
50 48 66 45 78 46 75 3 35 24 2 62 41 62 68 67 56 66 71 23 27 8 6 55 22 7 10 40 21 21 48 2 7 43 67 45 74 67 3 75 37 11 39 2 41 12 60 51 14 38 33
46 37 50 8 58 63 25 52 3 49 11 29 7 71 27 1 56 62 48 24 30 68 77 18 29 65 39 16 36 64 57 46 46 67 49 63 18 26 20 69 64 64 78 55 31 34 70
41 1 17 56 36 73 26 73 22 46 54 17 56 71 52 15 17 44 48 31 4 63 4 17 30 26 73 51 51 56 30 60 47 44 1 61 47 27 64 63 78 35
71 76 21 5 76 60 74 77 63 17 13 16 14 26 5 14 33 40 48 33 59 70 11 9 46 26 0 59 75 62 22 36 40 79 29 59 74 75 8 5 77 41 3 63 1 51 33 25 59 45 22 63 36 48 45 44 57 73 0 60 58 34 46 19 26 1 2 58 7 27 31 17
11 56 50 72 5 33 75 9 58 54 55 16
49 6 62 0 59 74 58 1 9 11 11 40 30 51 19 61 62 39 25 53 12 24 7 0 13 62 77 28 65 60 76 52 4 49 24 54 67 41 33 74 1 23 3 49 7 18 12 7 48 75
7 19 0 21 60 14 76 19
38 30 53 60 48 73 18 37 71 26 21 18 45 43 14 29 15 54 59 10 30 69 15 53 37 23 52 57 13 7 9 10 45 65 13 58 36 44 45
4 2 21 9 56
11 59 61 53 1 5 64 40 70 0 14 39
51 42 18 63 56 13 79 52 53 57 33 61 35 52 6 66 62 48 2 47 21 59 9 76 9 22 0 62 0 70 28 34 64 27 7 25 69 37 0 79 55 36 42 13 72 8 68 47 13 57 20 49
64 55 34 45 59 51 73 79 66 53 56 57 18 48 18 29 47 51 27 15 62 55 43 71 19 37 28 9 32 75 23 68 58 16 33 22 50 78 9 3 18 13 16 66 77 33 46 5 12 40 71 15 42 30 5 15 75 29 29 53 69 55 55 23 75
27 39 78 52 32 79 68 38 55 23 77 46 42 54 75 27 3 3 28 17 74 64 67 15 17 74 68 55
6 20 34 11 2 22 18
75 40 22 34 44 79 19 58 51 74 62 77 60 19 20 23 14 44 40 14 78 33 41 73 68 64 16 33 79 50 11 43 48 13 15 77 79 50 68 5 9 46 47 0 61 4 8 32 6 26 36 79 31 59 55 44 59 71 33 56 5 73 12 6 25 25 2 72 19 77 30 58 21 8 45 58
77 54 68 10 48 5 64 37 28 15 63 55 66 53 65 20 20 66 9 48 3 48 40 34 46 42 50 79 13 4 57 34 37 34 36 57 5 17 73 20 25 11 64 25 68 33 54 59 74 13 20 18 58 30 36 27 13 19 23 22 45 64 62 45 15 64 8 52 13 33 55 75 66 17 56 21 67 33
25 72 14 51 17 64 48 38 79 55 25 64 27 53 78 23 67 2 60 71 30 73 71 19 19 43
34 42 14 10 41 26 55 75 9 44 18 10 37 26 41 24 50 43 50 52 13 69 64 41 0 79 67 39 45 33 36 27 9 61 17
68 69 54 42 12 28 44 7 79 51 58 20 30 49 53 4 77 48 75 43 36 75 43 53 30 49 22 54 2 49 19 34 43 52 76 5 77 37 14 66 64 7 3 66 15 73 55 10 50 58 21 31 76 57 44 48 23 70 15 23 58 52 31 30 54 74 15 42 27
24 40 32 32 42 28 10 33 39 3 19 19 46 21 62 37 79 35 47 78 41 68 63 28 8
15 55 77 73 33 24 18 43 61 11 4 54 31 48 41 12
73 71 60 76 5 46 52 11 15 0 16 79 75 2 55 60 26 68 21 33 63 63 23 62 7 23 45 65 2 28 71 5 77 78 29 8 53 70 34 3 35 31 35 67 5 65 3 59 5 75 73 57 27 28 9 62 57 50 30 15 41 12 12 39 19 11 58 61 19 36 52 33 70 46
67 34 3 2 11 46 58 20 45 77 27 23 68 70 34 38 27 51 75 19 50 54 34 51 35 28 9 52 48 30 70 46 60 76 9 52 21 54 19 27 58 47 35 76 23 77 65 71 52 1 21 9 32 16 58 70 43 3 31 70 34 47 12 4 12 70 78 15
67 69 69 44 22 44 75 69 0 37 72 57 46 32 75 69 64 38 52 13 10 38 40 77 28 28 50 75 64 24 77 19 46 26 49 37 44 32 68 18 8 42 43 78 68 25 50 67 79 37 15 5 14 57 12 62 76 26 73 19 36 37 63 24 79 43 34 65
20 28 10 35 31 46 15 31 25 21 60 31 54 38 79 44 67 7 51 60 20
13 71 69 73 24 37 39 7 60 19 52 0 61 8
63 16 57 2 78 65 44 48 42 51 69 29 56 13 74 0 40 50 46 15 12 15 66 17 71 11 44 9 33 31 35 68 11 10 68 27 50 45 31 21 40 27 77 11 79 46 19 41 61 74 66 49 63 27 1 51 27 13 24 15 25 13 35 55
49 64 62 38 55 42 46 16 79 47 57 41 78 3 73 20 78 2 75 5 78 48 70 58 29 78 60 58 36 62 36 5 33 28 4 36 59 63 78 63 51 49 65 57 58 67 8 1 10 64
79 9 2 63 33 42 2 39 39 59 16 36 32 70 63 0 35 24 56 65 67 22 16 9 24 49 2 56 56 61 59 20 63 51 36 31 11 14 36 8 30 68 12 11 16 15 5 14 71 62 38 43 49 0 76 54 30 70 19 50 46 50 1 52 67 16 56 38 27 23 62 56 69 13 60 30 3 40 48 15
56 1 20 32 57 53 16 5 49 1 64 41 40 65 74 44 22 47 41 11 54 44 33 66 18 29 44 51 56 1 52 50 40 9 40 30 44 27 69 19 0 19 22 45 32 31 38 23 52 75 28 67 47 47 72 47 31
63 59 20 37 63 40 62 7 7 43 23 39 75 9 21 61 50 61 38 40 13 76 41 71 27 33 18 0 45 76 41 46 27 70 30 72 79 26 54 2 6 1 30 79 63 45 16 79 66 38 75 55 75 27 50 57 66 69 43 59 58 49 34 13
30 21 45 70 79 23 28 28 25 7 21 16 35 46 69 2 72 42 32 43 20 60 67 36 37 60 31 15 14 12 54
50 66 52 71 18 77 74 50 62 40 32 71 6 56 45 63 55 70 30 22 8 14 1 38 57 32 3 29 64 79 0 15 77 64 2 22 2 65 45 30 60 20 5 52 50 1 16 33 26 49 1
27 46 40 24 0 2 11 18 65 11 8 70 21 35 49 66 38 76 68 59 75 35 3 41 74 59 47 70
65 71 14 34 10 57 39 30 53 7 19 50 6 54 49 44 23 34 58 4 28 72 38 56 46 19 39 44 5 29 49 22 27 6 57 36 43 15 32 78 73 11 5 40 76 70 8 78 43 40 58 29 40 65 22 79 77 50 59 69 75 58 35 0 57 4
18 1 18 32 74 33 66 56 4 73 37 74 69 41 49 67 15 54 47
34 3 31 75 37 74 55 29 4 39 77 5 36 2 11 1 41 17 70 10 22 57 53 17 32 73 20 61 17 8 31 0 41 17 41
3 26 43 38
15 22 6 66 4 59 40 19 11 70 57 60 78 67 32 56
9 49 54 36 40 63 18 25 48 19
65 40 27 69 74 31 11 72 24 64 23 23 27 18 50 57 49 76 36 63 36 31 14 26 41 21 31 66 70 77 1 19 18 7 3 42 40 46 22 39 31 47 41 65 53 76 71 64 50 79 72 37 12 8 52 31 37 69 32 79 50 29 22 20 67 47
49 66 15 53 29 22 48 27 40 55 20 1 21 44 46 20 53 24 42 67 53 41 51 11 11 51 58 73 51 39 64 66 58 11 36 20 24 60 13 10 37 55 33 33 77 62 18 78 69 10
22 10 22 61 71 5 17 7 0 51 44 15 64 60 45 38 62 65 35 6 42 67 43
79 29 24 55 65 28 27 47 78 33 76 14 48 56 35 59 45 65 53 72 65 75 25 30 74 55 38 75 74 5 2 31 14 19 41 71 29 64 42 9 49 55 10 33 14 23 33 67 13 67 60 52 34 41 29 15 60 70 48 51 35 56 74 23 24 57 58 61 46 38 60 46 4 6 46 30 29 49 33 29
41 26 31 21 1 27 0 9 73 63 77 49 75 23 67 38 2 21 77 49 45 3 24 45 75 64 0 69 27 24 13 52 47 44 15 61 6 54 32 30 14 27
50 58 45 39 36 61 71 78 34 13 2 18 9 60 28 28 53 59 70 22 61 56 52 66 27 32 18 47 59 56 5 29 28 52 40 77 64 36 25 0 77 22 5 44 53 10 42 67 58 57 60
56 27 78 9 70 78 59 42 23 3 25 74 71 52 30 4 12 10 44 5 68 2 76 69 24 42 60 20 75 27 70 55 51 49 50 70 15 69 27 48 18 1 31 71 24 40 3 79 77 76 25 29 43 21 27 9 57
74 49 79 21 18 70 67 22 34 56 50 60 67 42 51 8 40 21 43 76 47 76 45 17 17 69 47 75 27 15 8 13 75 13 51 0 45 22 49 53 12 56 77 20 76 39 35 61 15 42 79 35 18 22 23 37 75 37 14 71 72 76 1 33 38 31 14 47 9 32 40 53 55 72 51
12 63 53 37 14 7 68 50 67 78 32 55 1
69 11 50 46 57 24 31 59 35 50 76 50 14 58 43 33 42 19 55 50 54 52 33 79 40 11 18 59 49 20 67 12 4 11 63 57 68 49 29 66 75 21 58 65 62 66 58 77 57 35 1 43 26 2 13 3 5 27 74 19 32 41 72 69 19 27 15 7 53 69
52 49 9 64 22 75 10 49 16 43 16 10 37 73 12 26 10 77 62 3 62 38 66 79 33 26 4 60 4 9 74 27 31 34 25 36 11 51 20 39 50 8 4 24 37 37 66 6 57 48 66 16 59
15 21 42 12 10 16 27 41 9 5 49 49 33 48 74 42
71 3 41 2 41 21 14 37 70 73 46 16 61 61 78 13 18 67 70 63 78 26 23 5 50 26 24 6 42 20 77 5 55 58 76 2 43 49 8 53 18 1 45 12 8 44 35 24 14 26 55 71 47 18 27 49 32 72 76 32 70 15 44 41 63 71 74 24 8 60 47 73
16 37 7 75 71 1 52 4 76 52 72 14 5 8 18 9 22
50 10 9 8 63 57 29 44 51 65 79 76 52 74 8 17 19 22 44 61 63 65 35 76 12 14 71 18 26 58 29 42 29 42 40 2 76 41 16 23 35 57 0 76 48 3 15 14 46 54 74
