113
76 43 56 8 45 42 64 28 72 20 55 13 16 75 69 67 10 76 34 41 29 41 64 4 66 34 54 57 32 30 71 5 38 61 22 15 42 79 54 32 1 63 31 4 52 24 30 15 46 36 17 6 35 10 49 19 49 77 11 17 68 78 16 8 75 32 72 68 20 6 40 29 24 11 54 40 76
77 60 74 38 52 78 27 44 67 26 65 15 41 72 74 47 59 0 2 59 39 4 7 73 19 67 0 27 59 30 77 44 64 72 69 52 36 66 38 21 72 69 34 12 39 21 77 24 24 39 1 18 15 54 63 51 37 77 61 23 25 24 71 63 49 9 45 63 55 63 1 19 61 42 35 50 65 13
35 72 79 50 63 21 66 4 46 28 22 17 19 57 79 56 33 21 72 60 42 65 62 31 59 39 14 38 79 20 19 56 77 2 61 14
1 8
10 54 78 2 44 46 1 17 57 71 38
23 24 8 56 12 42 69 17 74 9 74 55 1 43 62 3 31 49 58 23 53 70 54 0
70 7 58 67 79 27 76 24 43 11 52 34 61 21 26 67 25 49 68 68 31 0 6 36 52 47 29 31 38 70 55 46 77 0 9 65 17 70 6 49 57 45 38 39 19 30 56 71 9 13 17 6 36 30 6 0 70 41 13 25 52 29 68 61 1 26 22 33 66 78 22
22 39 63 5 23 27 48 8 65 40 14 71 9 34 40 13 54 67 73 2 73 44 71
42 26 48 22 8 50 41 72 13 27 73 19 25 0 79 19 74 29 62 8 35 14 51 8 1 66 56 0 69 43 46 23 15 20 23 18 23 59 48 54 13 3 2
52 23 43 48 42 19 79 40 12 68 65 55 19 19 19 72 6 50 75 0 70 51 44 54 26 5 68 56 55 55 56 12 42 41 53 20 45 60 29 62 28 70 31 25 75 6 69 48 13 9 33 17 50
3 56 16 8
58 32 64 49 59 16 24 78 32 61 57 52 57 36 36 51 21 17 44 59 76 5 12 52 44 68 30 17 17 15 34 16 10 15 15 2 16 37 57 17 72 66 66 76 67 71 14 29 73 38 16 38 69 58 54 27 69 57 0
38 16 23 60 71 37 2 46 58 63 24 37 53 70 74 29 53 5 24 63 8 1 36 55 66 72 12 14 67 17 30 46 12 19 24 67 19 37 67
70 15 74 21 15 0 50 33 13 25 30 22 16 3 6 71 28 19 77 45 6 7 31 34 22 49 71 4 55 50 11 70 43 25 4 46 15 55 7 59 39 41 56 5 55 77 52 40 73 56 45 21 71 64 17 13 64 1 22 47 38 18 19 50 2 10 53 70 6 58 73
77 30 33 62 41 75 37 70 17 70 5 5 24 46 51 43 66 38 59 71 72 0 73 47 40 40 9 72 49 51 79 49 20 44 44 46 77 30 30 61 69 56 26 61 43 42 12 54 57 14 59 53 24 20 64 10 40 60 69 3 38 23 66 17 63 10 49 19 37 43 6 30 31 68 3 66 64 44
57 62 55 70 37 5 35 62 6 50 67 53 11 18 30 8 12 30 12 74 77 75 40 17 76 71 56 31 15 52 52 13 68 31 32 17 17 8 25 3 23 38 44 45 71 6 25 33 26 57 47 77 20 8 19 6 8 11
28 47 62 33 26 56 42 1 34 73 44 45 9 75 30 2 23 20 6 41 41 18 6 52 20 18 72 23 0
63 4 54 40 63 16 60 73 62 44 7 62 69 57 28 6 76 60 69 41 13 31 74 34 18 43 39 67 64 70 14 75 7 7 20 64 32 77 14 40 1 38 17 1 50 23 32 16 19 8 15 2 72 25 22 64 59 74 49 13 64 25 28 23
54 16 14 20 45 13 61 50 77 44 69 58 20 65 43 51 9 7 23 74 17 55 3 16 77 5 37 51 24 14 7 19 41 72 75 43 78 75 18 59 44 33 19 19 16 51 44 58 35 44 21 75 9 2 47
7 73 17 38 32 49 24 32
7 51 40 69 22 36 27 37
29 51 48 77 36 48 70 54 62 61 20 0 50 6 33 14 44 47 29 21 49 42 77 73 31 21 44 8 60 26
20 61 32 66 32 0 47 32 34 42 31 55 19 47 19 49 51 1 33 69 9
39 17 13 24 61 31 18 41 19 3 44 25 23 1 28 19 43 75 15 60 0 69 25 30 12 62 11 24 77 74 33 25 33 15 57 73 18 8 57 57
46 53 66 30 42 38 66 18 29 1 28 74 9 38 56 40 69 1 57 40 70 52 21 11 78 34 43 54 64 47 74 54 61 39 68 41 78 45 79 34 77 76 31 6 69 0 77
38 32 4 22 25 51 44 23 37 38 53 67 32 25 47 53 34 5 61 29 37 10 60 76 41 64 29 6 6 39 2 18 45 50 8 72 6 24 72
14 18 2 66 58 68 0 1 32 55 75 68 38 60 2
69 42 76 2 32 53 3 65 71 31 60 54 27 11 4 26 65 76 8 46 31 14 77 54 61 61 40 55 54 48 52 34 18 17 29 53 61 20 72 28 44 55 78 46 31 77 32 65 18 78 11 54 29 67 23 13 79 77 34 10 33 73 21 70 54 66 33 21 54 28
40 10 11 41 41 41 60 21 7 12 21 79 49 52 38 48 42 57 49 6 8 49 75 16 29 30 13 56 6 73 55 12 77 56 34 32 14 65 57 68 63
13 33 5 54 57 71 19 34 26 45 6 63 44 25
4 78 36 22 18
19 68 7 31 28 7 21 49 50 10 73 18 63 37 36 5 6 4 1 8
74 51 66 70 20 3 29 78 12 62 42 49 7 27 73 71 57 22 42 27 31 51 7 54 76 26 17 59 77 5 63 27 5 47 54 26 66 43 44 1 5 46 47 66 70 13 66 0 24 60 4 7 73 29 59 42 30 54 31 1 54 77 54 48 72 41 23 2 49 4 70 72 1 5 42
20 39 76 19 61 10 1 59 20 41 55 28 1 42 7 11 52 9 63 68 32
22 25 7 39 60 79 26 1 0 24 37 73 21 70 55 16 62 19 50 24 37 60 51
72 38 53 15 55 8 1 59 23 51 59 57 67 54 5 26 3 51 41 54 4 78 43 64 6 11 3 47 1 10 24 21 65 37 46 15 47 45 68 53 27 49 15 46 50 13 41 14 24 6 44 70 6 14 30 56 54 65 19 67 67 21 20 20 21 56 67 42 11 40 54 62 17
78 48 42 71 54 11 2 74 4 56 50 50 69 22 55 40 40 2 41 12 5 34 8 1 58 55 73 7 11 30 66 73 59 63 8 73 27 30 25 69 75 13 77 68 1 51 42 50 9 58 10 7 28 9 68 14 8 37 31 60 72 3 39 11 17 17 68 26 28 27 53 0 45 54 60 47 43 48 27
79 25 2 35 22 41 48 73 41 1 15 15 23 36 7 37 48 0 70 28 39 47 10 7 2 17 57 76 44 61 78 18 18 52 8 15 51 45 28 61 61 28 36 18 20 38 31 25 12 47 64 72 68 25 3 60 76 60 18 11 22 14 21 68 26 30 49 32 63 58 4 38 37 38 57 46 4 40 62 14
40 44 16 56 43 58 43 65 72 48 10 36 40 75 29 25 28 27 11 5 30 0 35 23 19 22 27 40 38 11 19 38 51 16 71 29 54 77 1 13 37
75 6 33 57 38 31 5 2 67 26 74 15 75 49 25 32 64 20 14 35 29 35 67 4 46 8 39 2 75 34 74 43 57 42 24 36 39 34 5 72 75 37 23 49 25 33 18 31 13 28 31 41 54 20 30 26 64 27 5 18 70 53 20 74 30 11 25 3 64 6 40 72 61 36 28 61
8 37 53 60 73 56 40 72 12
29 56 48 57 24 17 35 56 17 68 23 17 15 69 32 67 43 62 4 33 65 39 15 6 37 73 11 58 28 13
52 22 28 52 45 17 1 1 29 36 66 74 52 25 21 24 6 42 46 77 45 54 48 27 72 1 51 1 38 79 50 22 19 52 37 8 53 0 1 32 44 15 0 14 75 15 10 63 27 58 22 76 77
10 42 14 24 30 37 10 24 64 65 6
51 49 72 51 18 6 42 7 58 78 35 16 61 26 64 3 49 46 26 72 51 27 51 43 23 17 52 77 76 64 10 60 20 16 26 41 10 37 53 32 75 62 19 77 64 60 53 58 11 74 42 24
52 38 21 62 11 30 75 71 27 42 65 43 65 19 54 79 21 63 29 14 39 66 11 24 57 72 44 37 54 64 76 77 26 37 32 41 6 57 4 67 29 56 19 5 34 10 75 46 2 39 27 32 46
45 73 3 33 59 43 5 21 34 79 52 18 46 54 4 66 52 63 72 66 24 42 16 73 56 1 29 52 65 16 64 52 35 1 7 7 45 43 43 57 48 17 66 26 14 72
45 8 32 38 26 76 56 21 61 5 0 2 35 23 6 21 37 74 30 67 11 56 65 8 37 48 55 17 5 12 0 27 78 10 68 11 31 59 24 46 61 60 33 77 30 22
72 2 42 24 46 27 41 56 34 28 10 7 75 20 26 46 8 44 27 10 13 13 4 2 78 7 36 7 54 59 73 23 63 71 31 65 29 53 75 31 72 27 72 61 5 40 17 3 13 29 75 22 34 1 44 24 24 8 76 22 63 34 41 74 2 74 34 52 5 57 56 4 33
9 19 29 30 21 53 36 44 65 49
30 19 73 73 23 1 71 28 64 77 47 3 75 72 65 43 58 76 32 59 36 22 12 36 56 78 61 74 25 74 48
54 62 43 36 63 46 30 77 75 39 29 26 60 55 44 71 57 49 59 45 45 31 40 56 50 37 36 9 12 67 18 0 37 10 1 17 61 28 28 66 79 40 46 76 19 20 30 44 52 51 26 75 44 51 52
62 25 3 10 9 69 41 72 57 7 14 77 10 58 54 4 47 39 36 31 47 9 75 24 61 48 69 34 67 72 21 8 37 12 59 59 39 12 5 70 20 64 67 6 43 25 29 34 31 28 60 11 43 2 48 20 10 69 70 42 71 11 44
78 61 3 45 12 40 12 60 38 58 27 32 26 60 77 15 78 75 24 41 4 22 44 73 6 23 33 10 22 59 52 46 60 37 0 47 66 73 36 22 52 72 24 72 21 79 29 16 19 14 3 39 67 70 69 34 78 39 29 27 59 15 26 8 70 24 64 16 1 77 76 71 51 11 12 53 8 3 49
38 15 57 51 16 15 1 64 18 1 69 52 26 29 63 17 65 72 40 69 21 31 24 77 58 66 18 50 38 36 17 20 29 11 71 59 21 27 39
16 41 44 18 63 16 15 35 46 18 71 77 17 58 68 47 52
77 39 31 12 24 8 44 13 63 22 29 8 3 15 7 72 11 7 40 49 16 27 45 64 36 46 1 9 72 24 21 58 11 67 70 78 69 29 20 23 21 50 7 34 74 1 9 42 72 43 55 17 73 6 74 18 38 52 1 2 46 41 5 68 19 62 58 18 7 20 67 56 65 2 54 71 60 72
19 69 68 42 79 12 5 17 75 22 54 61 35 24 55 75 59 7 8 31
43 10 33 42 31 2 0 4 73 53 62 33 0 2 51 32 72 3 23 44 73 62 60 43 41 42 2 49 44 43 70 51 61 14 75 73 79 20 18 79 30 75 23 23
24 25 35 1 11 56 54 38 35 53 58 13 60 15 31 42 79 42 63 5 23 30 13 8 3
27 52 61 47 43 68 11 33 55 2 49 18 4 78 64 21 61 7 40 0 19 57 15 0 14 9 45 22
1 30
4 43 68 46 67
78 28 72 4 6 21 73 23 56 40 52 34 54 72 59 18 34 7 57 11 67 68 45 43 23 61 58 22 30 10 19 46 47 11 44 53 40 16 12 49 72 65 40 17 1 25 77 77 53 54 23 54 56 50 19 37 43 67 65 33 62 61 36 32 76 8 27 23 18 78 21 68 11 23 79 5 73 77 3
50 37 64 61 3 68 14 60 55 61 24 55 69 0 60 52 72 68 78 62 0 58 76 9 3 42 58 43 77 33 19 10 51 1 54 21 59 44 7 37 77 52 79 77 5 72 4 10 48 73 34
30 76 56 18 14 78 49 61 76 15 23 26 40 78 52 1 39 59 68 62 4 35 14 79 10 32 65 63 24 59 2
19 18 33 19 42 52 31 65 33 41 12 78 49 59 32 29 21 63 17 6
73 25 31 70 33 65 43 25 61 47 73 72 38 18 67 26 33 33 25 26 61 19 25 64 12 52 40 16 4 67 53 46 58 15 66 6 17 11 65 9 15 35 71 36 31 78 41 46 13 78 50 52 76 40 46 47 5 31 38 79 55 57 2 3 78 79 63 51 30 33 3 65 66 50
75 36 37 46 44 74 16 17 21 19 20 52 48 41 0 49 25 33 57 78 62 35 44 3 2 3 15 15 62 26 31 24 7 46 15 62 30 63 29 71 59 42 41 16 7 36 38 46 79 64 45 18 4 64 56 54 77 75 76 77 45 56 16 35 57 48 24 63 63 6 56 6 37 27 37 11
46 32 36 52 24 68 24 28 59 51 35 40 48 67 30 68 19 63 32 46 2 56 52 54 25 61 42 76 68 73 20 56 27 56 31 14 5 35 39 14 0 49 75 13 63 31 1
50 59 76 72 58 12 20 8 35 27 25 4 44 13 42 34 73 31 43 41 54 19 62 1 8 55 73 65 0 52 55 23 29 65 19 25 49 75 76 4 8 37 9 56 15 62 27 47 69 51 41
21 76 0 69 57 49 10 46 9 70 22 33 11 43 42 9 72 30 65 22 38 15
45 15 13 66 0 76 4 51 56 78 32 70 28 34 52 59 20 64 76 37 6 78 77 7 64 30 43 38 59 6 8 9 63 32 10 34 14 11 12 78 29 17 38 79 78 61
60 53 21 21 48 27 66 6 64 16 0 60 3 23 72 30 76 72 69 23 34 64 32 31 40 20 48 11 70 47 61 50 0 50 26 45 16 41 47 37 16 75 7 24 31 30 29 76 24 0 32 65 59 69 78 6 18 15 9 15 28
63 18 77 13 39 43 53 65 32 2 50 6 50 58 73 8 52 4 76 29 21 16 22 4 60 38 21 30 3 79 31 47 42 49 24 26 34 19 55 5 9 38 8 30 18 68 68 72 26 29 38 49 44 11 28 18 65 65 32 60 54 55 76 1
65 19 38 23 67 68 51 16 79 13 65 56 29 13 5 64 66 56 62 1 75 17 71 44 79 4 58 72 59 78 52 60 79 45 47 61 17 35 26 42 27 40 8 19 68 65 58 69 58 32 44 31 53 53 24 79 72 72 56 19 69 17 63 43 43 34
26 71 33 65 78 26 58 55 59 23 26 63 31 42 69 51 66 68 59 43 29 13 14 19 35 58 16
74 49 62 74 5 31 7 57 71 9 8 55 70 50 53 22 69 33 69 54 37 22 7 7 14 4 5 41 9 21 2 63 59 32 29 35 63 60 22 4 25 70 45 38 57 74 79 66 75 37 0 8 1 28 13 77 38 6 43 67 12 78 62 76 0 46 20 2 45 8 6 28 15 26 10
71 35 36 17 48 77 61 30 57 9 9 20 42 69 66 67 33 26 67 58 12 42 78 45 35 22 13 79 50 49 29 51 55 22 33 54 65 11 39 74 14 71 7 45 25 62 56 26 18 17 78 36 67 47 77 56 32 50 71 38 75 76 56 37 47 8 57 6 23 5 66 17
35 7 28 42 53 7 66 14 63 45 24 4 61 66 71 59 23 12 51 78 50 68 47 52 29 62 45 46 22 61 64 52 21 42 2 74
6 67 51 23 40 15 5
18 8 46 17 69 33 59 69 50 74 76 5 30 5 21 31 46 15 67
55 40 23 10 53 14 33 25 64 14 39 34 13 60 16 17 39 28 11 78 21 55 57 56 26 70 4 9 2 24 77 10 53 64 3 79 12 48 3 47 61 50 3 45 42 34 56 55 50 60 76 26 28 18 14 37
78 65 12 51 9 71 51 16 19 17 62 49 45 46 8 77 21 0 45 75 36 49 42 30 38 59 19 76 58 48 14 77 18 18 27 18 70 8 31 54 45 13 68 37 1 52 22 61 69 79 70 70 79 39 46 23 4 54 21 42 6 26 56 32 76 19 16 25 8 2 78 2 0 72 28 8 27 50 57
63 4 44 56 71 37 38 28 9 10 74 28 37 58 9 62 9 27 63 53 57 72 35 42 78 18 48 51 4 19 31 54 3 41 40 55 16 27 79 49 43 72 52 7 44 16 7 10 8 32 36 21 35 74 17 35 23 61 34 70 23 67 68 59
11 63 65 22 53 71 33 75 61 42 23 19
47 3 4 41 29 38 68 38 57 43 65 7 46 24 41 68 45 5 61 7 36 22 35 41 48 0 39 40 8 21 24 40 73 17 61 47 1 77 6 37 46 5 62 49 33 4 14 62
25 5 58 35 66 42 28 69 56 70 69 68 13 41 68 14 71 39 51 22 59 25 75 4 12 49
61 56 75 1 27 38 38 3 70 11 49 5 66 6 50 58 79 39 3 14 13 0 39 3 37 21 41 24 42 29 42 41 68 37 45 52 72 74 12 51 11 6 16 28 9 38 64 37 33 41 63 41 47 44 46 33 28 64 77 62 60 15
44 9 45 73 5 61 21 21 19 78 66 40 51 66 55 43 8 68 50 7 30 7 11 10 31 10 77 19 65 0 25 33 71 50 67 18 53 15 33 69 3 42 38 1 26
7 51 2 42 38 8 52 54
1 74
19 59 61 39 77 76 1 9 13 49 46 8 15 16 35 24 68 31 34 20
46 40 48 14 59 25 17 53 21 19 76 65 8 33 72 4 53 53 32 46 24 32 42 25 18 37 54 5 19 6 25 38 26 45 24 23 26 53 35 51 71 57 74 21 29 40 20
47 68 13 32 52 30 42 6 28 58 49 70 9 1 67 39 48 9 10 60 20 16 37 14 72 46 0 66 55 27 35 47 50 58 47 77 56 1 77 56 72 72 48 34 41 8 50 75
53 25 77 55 16 56 31 77 5 47 51 66 8 52 31 72 38 30 77 27 11 77 10 15 54 53 42 25 50 70 39 41 2 73 60 64 15 7 68 68 36 15 31 61 45 49 31 22 6 57 8 19 54 64
69 0 20 29 14 64 63 12 77 43 49 66 21 27 42 6 75 21 7 55 6 37 52 30 59 58 72 36 75 38 6 78 37 18 28 10 16 34 5 74 22 40 28 34 54 16 1 27 59 53 50 71 53 72 53 70 21 22 19 37 46 63 75 2 51 69 30 3 30 4
60 18 39 20 76 28 20 70 12 52 56 49 15 72 54 43 73 2 61 43 19 9 77 8 66 50 76 28 59 40 24 33 10 63 69 42 72 0 53 44 49 52 78 76 60 74 79 10 8 49 74 71 6 7 35 29 65 17 24 62 26
53 0 49 7 66 7 69 25 5 41 66 23 64 69 56 72 18 29 56 53 12 21 46 13 54 78 10 67 43 13 35 51 66 36 67 46 63 35 39 61 40 71 34 65 77 32 14 47 10 28 27 74 42 47
45 2 71 48 57 37 78 5 19 17 32 66 13 13 35 47 65 7 7 5 4 46 45 53 15 66 74 75 52 2 14 12 8 24 2 19 56 1 44 7 47 9 23 23 71 63
35 32 76 16 2 62 38 74 58 52 49 32 78 53 65 62 75 77 52 34 27 30 21 41 13 55 28 8 37 7 9 38 21 54 75 36
48 16 53 18 9 59 37 24 45 37 74 59 17 56 60 79 29 44 27 4 51 40 61 42 55 51 42 8 27 64 50 76 12 16 44 38 25 11 68 46 68 46 56 41 75 42 13 3 79
53 58 58 71 42 62 22 54 58 13 19 16 25 57 9 72 70 42 74 55 6 45 71 30 0 18 21 57 24 54 69 70 25 75 77 58 29 47 41 71 28 53 45 25 32 55 9 65 45 42 10 54 1 12
16 20 40 28 76 38 35 64 53 17 76 74 42 17 1 38 24
49 19 52 37 76 68 60 5 79 62 6 47 76 18 39 12 7 34 37 19 41 7 38 43 58 79 41 62 25 66 31 31 66 21 63 6 6 71 1 23 36 17 20 20 33 53 69 44 52 17
56 23 65 7 64 44 71 2 39 69 36 64 0 66 4 76 59 6 68 70 64 55 75 5 70 60 40 37 29 43 27 32 31 22 8 37 22 16 72 61 39 54 42 12 40 52 4 55 65 37 3 62 55 1 12 67 54
15 49 71 12 33 33 28 70 54 62 11 46 32 8 34 31
67 24 49 5 31 10 53 26 21 4 45 68 32 24 28 58 63 37 50 31 58 37 28 74 70 33 23 8 18 36 73 67 52 13 37 17 51 39 72 3 56 52 39 17 0 25 18 39 0 14 67 14 2 1 8 20 70 38 54 5 5 2 79 40 2 13 41 22
37 68 13 28 56 71 49 31 35 46 35 27 53 32 5 51 65 14 74 64 1 68 69 41 50 64 19 49 1 73 34 77 35 39 6 46 23 23
66 58 28 10 49 65 29 2 69 69 9 29 41 64 34 19 24 18 28 58 46 51 43 33 43 20 20 44 11 11 13 2 5 53 10 12 33 74 77 58 75 20 57 71 14 7 62 24 32 16 63 5 54 58 16 38 36 8 57 74 47 54 66 61 10 77 71
8 47 26 71 69 43 44 12 11
36 26 51 17 54 52 9 12 11 36 67 53 23 75 54 19 50 67 49 63 60 49 35 34 40 55 59 32 31 43 76 28 13 45 70 71 54
26 11 31 70 47 64 35 70 8 16 46 75 58 74 43 20 40 6 61 18 49 6 9 11 79 65 68
